DIMENSION y 100
-2.0 -1.9595959595959596 -1.9191919191919191 -1.878787878787879 -1.8383838383838385 -1.797979797979798 -1.7575757575757576 -1.7171717171717171 -1.6767676767676767 -1.6363636363636362 -1.595959595959596 -1.5555555555555556 -1.5151515151515151 -1.4747474747474747 -1.4343434343434343 -1.393939393939394 -1.3535353535353534 -1.3131313131313131 -1.2727272727272727 -1.2323232323232323 -1.1919191919191918 -1.1515151515151514 -1.1111111111111112 -1.0707070707070705 -1.0303030303030303 -0.9898989898989898 -0.9494949494949494 -0.909090909090909 -0.8686868686868685 -0.8282828282828283 -0.7878787878787878 -0.7474747474747474 -0.707070707070707 -0.6666666666666665 -0.6262626262626261 -0.5858585858585856 -0.5454545454545454 -0.505050505050505 -0.46464646464646453 -0.4242424242424241 -0.38383838383838365 -0.3434343434343432 -0.303030303030303 -0.26262626262626254 -0.2222222222222221 -0.18181818181818166 -0.14141414141414121 -0.10101010101010077 -0.06060606060606055 -0.02020202020202011 0.020202020202020332 0.060606060606060996 0.10101010101010122 0.14141414141414144 0.1818181818181821 0.22222222222222232 0.262626262626263 0.3030303030303032 0.3434343434343434 0.3838383838383841 0.4242424242424243 0.464646464646465 0.5050505050505052 0.5454545454545459 0.5858585858585861 0.6262626262626263 0.666666666666667 0.7070707070707072 0.7474747474747478 0.7878787878787881 0.8282828282828287 0.868686868686869 0.9090909090909092 0.9494949494949498 0.9898989898989901 1.0303030303030307 1.070707070707071 1.1111111111111112 1.1515151515151518 1.191919191919192 1.2323232323232327 1.272727272727273 1.3131313131313136 1.3535353535353538 1.393939393939394 1.4343434343434347 1.474747474747475 1.5151515151515156 1.5555555555555558 1.5959595959595965 1.6363636363636367 1.676767676767677 1.7171717171717176 1.7575757575757578 1.7979797979797985 1.8383838383838387 1.878787878787879 1.9191919191919196 1.9595959595959598 2.0 
END
DIMENSION x 100
-2.0 -1.9595959595959596 -1.9191919191919191 -1.878787878787879 -1.8383838383838385 -1.797979797979798 -1.7575757575757576 -1.7171717171717171 -1.6767676767676767 -1.6363636363636362 -1.595959595959596 -1.5555555555555556 -1.5151515151515151 -1.4747474747474747 -1.4343434343434343 -1.393939393939394 -1.3535353535353534 -1.3131313131313131 -1.2727272727272727 -1.2323232323232323 -1.1919191919191918 -1.1515151515151514 -1.1111111111111112 -1.0707070707070705 -1.0303030303030303 -0.9898989898989898 -0.9494949494949494 -0.909090909090909 -0.8686868686868685 -0.8282828282828283 -0.7878787878787878 -0.7474747474747474 -0.707070707070707 -0.6666666666666665 -0.6262626262626261 -0.5858585858585856 -0.5454545454545454 -0.505050505050505 -0.46464646464646453 -0.4242424242424241 -0.38383838383838365 -0.3434343434343432 -0.303030303030303 -0.26262626262626254 -0.2222222222222221 -0.18181818181818166 -0.14141414141414121 -0.10101010101010077 -0.06060606060606055 -0.02020202020202011 0.020202020202020332 0.060606060606060996 0.10101010101010122 0.14141414141414144 0.1818181818181821 0.22222222222222232 0.262626262626263 0.3030303030303032 0.3434343434343434 0.3838383838383841 0.4242424242424243 0.464646464646465 0.5050505050505052 0.5454545454545459 0.5858585858585861 0.6262626262626263 0.666666666666667 0.7070707070707072 0.7474747474747478 0.7878787878787881 0.8282828282828287 0.868686868686869 0.9090909090909092 0.9494949494949498 0.9898989898989901 1.0303030303030307 1.070707070707071 1.1111111111111112 1.1515151515151518 1.191919191919192 1.2323232323232327 1.272727272727273 1.3131313131313136 1.3535353535353538 1.393939393939394 1.4343434343434347 1.474747474747475 1.5151515151515156 1.5555555555555558 1.5959595959595965 1.6363636363636367 1.676767676767677 1.7171717171717176 1.7575757575757578 1.7979797979797985 1.8383838383838387 1.878787878787879 1.9191919191919196 1.9595959595959598 2.0 
END
VARIABLE z
3.3546262790251185E-4 3.936626141136663E-4 4.6045398894413035E-4 5.368220515670123E-4 6.238159798145993E-4 7.225446403437343E-4 8.341706638569392E-4 9.599026294963736E-4 0.0011009852240061355 0.0012586872698917718 0.0014342875528093268 0.0016290584217808753 0.0018442471862924988 0.0020810553913313766 0.002340616114102225 0.002623969493354357 0.0029320367724588064 0.003265593208808894 0.0036252402727149444 0.004011377626433762 0.004424175435857068 0.004863547621124409 0.005329126695459101 0.005820240871368564 0.006335894127708369 0.0068747499279801045 0.007435119258011477 0.008014953608744274 0.008611843466705226 0.009223022790986727 0.00984537985205701 0.010475474686024326 0.011109563280406728 0.01174362845702136 0.012373417257964687 0.01299448447602261 0.013602241805878088 0.014192011932115545 0.014759086719327921 0.015298788533631843 0.015806533608371545 0.01627789627410016 0.016708672807824423 0.017094943621976777 0.017433132511729448 0.0177200617111687 0.01795300157450594 0.01812971379680877 0.018248487217481374 0.01830816540566387 0.01830816540566387 0.018248487217481374 0.01812971379680877 0.01795300157450594 0.0177200617111687 0.017433132511729448 0.017094943621976763 0.016708672807824423 0.01627789627410016 0.01580653360837153 0.015298788533631843 0.014759086719327921 0.014192011932115545 0.013602241805878075 0.01299448447602261 0.012373417257964687 0.01174362845702136 0.01110956328040672 0.010475474686024317 0.00984537985205701 0.009223022790986718 0.008611843466705217 0.008014953608744274 0.00743511925801147 0.0068747499279801045 0.006335894127708363 0.005820240871368554 0.005329126695459101 0.004863547621124409 0.004424175435857064 0.004011377626433754 0.0036252402727149414 0.003265593208808891 0.002932036772458804 0.002623969493354357 0.0023406161141022227 0.002081055391331375 0.0018442471862924956 0.0016290584217808738 0.0014342875528093242 0.0012586872698917694 0.0011009852240061336 9.59902629496372E-4 8.341706638569392E-4 7.22544640343733E-4 6.238159798145982E-4 5.368220515670123E-4 4.6045398894412954E-4 3.936626141136656E-4 3.3546262790251185E-4 
3.936626141136663E-4 4.619598156723462E-4 5.403389405853226E-4 6.299562292677935E-4 7.320428832121906E-4 8.479001482519635E-4 9.788923618826641E-4 0.0011264377817130167 0.0012919970373234239 0.001477059081410356 0.0016831245583448344 0.0019116865591612482 0.0021642087912059848 0.0024421012575651913 0.0027466936149496287 0.00307920645756276 0.003440720856866835 0.003832146570988927 0.004254189420354262 0.004707318405309502 0.005191733214118544 0.005707332832778426 0.0062536860186017925 0.006830004434532703 0.007435119258011477 0.008067462074532098 0.008725050839958982 0.009405481645886818 0.010105926948220541 0.010823140820875233 0.011553471675029955 0.012292882741562153 0.013036980452848115 0.013781050683577665 0.01452010262289208 0.015248919856959762 0.015962118047511027 0.016654208403663186 0.01731966596752884 0.01795300157450594 0.018548836212406203 0.019101976394806017 0.019607489087605887 0.02006077468727398 0.020457636547078314 0.020794345585050854 0.021067698584477258 0.021275068913066558 0.021414448538038623 0.021484480397361908 0.021484480397361908 0.021414448538038623 0.021275068913066558 0.021067698584477258 0.020794345585050854 0.020457636547078308 0.02006077468727398 0.01960748908760588 0.019101976394806017 0.018548836212406203 0.01795300157450594 0.017319665967528826 0.016654208403663173 0.015962118047511027 0.015248919856959748 0.014520102622892066 0.013781050683577652 0.013036980452848115 0.012292882741562143 0.011553471675029944 0.010823140820875222 0.010105926948220533 0.00940548164588681 0.008725050839958975 0.008067462074532098 0.00743511925801147 0.006830004434532697 0.0062536860186017925 0.005707332832778421 0.005191733214118539 0.004707318405309499 0.004254189420354262 0.0038321465709889235 0.003440720856866832 0.00307920645756276 0.0027466936149496265 0.002442101257565189 0.0021642087912059826 0.0019116865591612448 0.0016831245583448316 0.0014770590814103548 0.0012919970373234226 0.0011264377817130147 9.788923618826632E-4 8.47900148251962E-4 7.320428832121899E-4 6.299562292677935E-4 5.403389405853218E-4 4.6195981567234576E-4 3.936626141136663E-4 
4.6045398894413035E-4 5.403389405853226E-4 6.320163806627527E-4 7.36838724905701E-4 8.562460685075095E-4 9.91760435183735E-4 0.0011449776448562332 0.001317556585999234 0.0015112057081645967 0.001727666589505435 0.0019686944835354174 0.0022360358088830707 0.0025314026150601537 0.0028564441355020034 0.0032127156251768253 0.0036016447722869447 0.004024496069952303 0.004482333631816334 0.004975983032415768 0.005505992845764721 0.006072596640544501 0.006675676264055469 0.007314727306154336 0.007988827675362194 0.008696610239036302 0.009436240475203497 0.010205400053151712 0.011001277201646878 0.011820564636962285 0.01265946570795544 0.013513709273353838 0.014378573659373178 0.015248919856959762 0.0161192339114589 0.016983678238386934 0.017836151373010773 0.018670355435000393 0.019479870369298942 0.020258233817514293 0.020999025287462614 0.02169595312855306 0.0223429426934746 0.02293422397728576 0.023464416977624494 0.023928613017215706 0.02432245031364546 0.024642182171493124 0.024884736306847285 0.025047763990947845 0.025129677913739788 0.025129677913739788 0.025047763990947845 0.024884736306847285 0.024642182171493124 0.02432245031364546 0.023928613017215696 0.023464416977624483 0.02293422397728576 0.0223429426934746 0.02169595312855305 0.020999025287462603 0.020258233817514286 0.019479870369298942 0.018670355435000383 0.017836151373010773 0.016983678238386934 0.0161192339114589 0.015248919856959748 0.014378573659373166 0.013513709273353838 0.012659465707955429 0.011820564636962275 0.011001277201646878 0.010205400053151703 0.009436240475203497 0.008696610239036295 0.00798882767536218 0.007314727306154336 0.006675676264055469 0.0060725966405444955 0.005505992845764711 0.0049759830324157634 0.004482333631816331 0.0040244960699523 0.0036016447722869447 0.0032127156251768227 0.0028564441355020008 0.002531402615060149 0.0022360358088830685 0.001968694483535414 0.001727666589505432 0.001511205708164594 0.0013175565859992317 0.0011449776448562332 9.917604351837332E-4 8.56246068507508E-4 7.36838724905701E-4 6.320163806627516E-4 5.403389405853218E-4 4.6045398894413035E-4 
5.368220515670123E-4 6.299562292677935E-4 7.36838724905701E-4 8.590462575532046E-4 9.982577677227198E-4 0.0011562477126089664 0.001334876584997223 0.0015360784063867853 0.001761844979249667 0.0020142067291649053 0.002295210025183157 0.002606890936170302 0.0029512454616254296 0.0033301963666836688 0.003745556851323277 0.004198991391318534 0.004691974200830114 0.005225745880836364 0.005801268930581879 0.0064191829071880355 0.007079760117599045 0.007782862813036232 0.008527902924996632 0.009313805429587924 0.010138976449967543 0.011001277201646878 0.011898004849860767 0.012825881280316273 0.013781050683577665 0.014759086719327921 0.015755009861109476 0.016763315327405437 0.017778011784772143 0.018792670767996907 0.01980048650678786 0.020794345585050843 0.021766905594813597 0.022710681690229315 0.023618139705945274 0.024481794286488504 0.025294310286852088 0.026048605556136358 0.026737953111918306 0.0273560806577801 0.027897265393466847 0.028356422118198093 0.02872918273272703 0.02901196540305521 0.029202031854736448 0.0292975315162464 0.0292975315162464 0.029202031854736448 0.02901196540305521 0.02872918273272703 0.028356422118198093 0.027897265393466833 0.027356080657780085 0.026737953111918306 0.026048605556136358 0.025294310286852077 0.024481794286488494 0.023618139705945264 0.022710681690229315 0.021766905594813587 0.020794345585050833 0.01980048650678785 0.018792670767996896 0.017778011784772126 0.01676331532740542 0.015755009861109476 0.014759086719327907 0.013781050683577652 0.012825881280316273 0.011898004849860757 0.011001277201646868 0.010138976449967535 0.009313805429587915 0.008527902924996632 0.007782862813036218 0.007079760117599039 0.006419182907188029 0.005801268930581875 0.00522574588083636 0.004691974200830109 0.004198991391318534 0.0037455568513232707 0.0033301963666836688 0.002951245461625427 0.0026068909361703 0.002295210025183153 0.0020142067291649035 0.001761844979249667 0.0015360784063867825 0.0013348765849972206 0.0011562477126089645 9.982577677227198E-4 8.590462575532046E-4 7.368387249056997E-4 6.299562292677935E-4 5.368220515670123E-4 
6.238159798145993E-4 7.320428832121906E-4 8.562460685075095E-4 9.982577677227198E-4 0.0011600289996688909 0.0013436217786584582 0.001551198096968747 0.0017850053911814805 0.0020473582424638255 0.002340616114102225 0.002667156996551193 0.003029346910898781 0.003429505315482439 0.003869866566385756 0.004352537699110969 0.004879452923668604 0.005452325355882452 0.0060725966405444955 0.006741385253335049 0.00745943439388826 0.008227060497459934 0.009044103492590477 0.009909880012178443 0.010823140820875233 0.011782033748410779 0.012784073412641216 0.013826118974786975 0.014904361090441246 0.016014319102495903 0.017150849366397273 0.01830816540566387 0.01947987036929893 0.02065900200690379 0.021838090097548352 0.02300922597158942 0.024164143458481935 0.025294310286852088 0.02639102866488589 0.02744554348886159 0.028449156374752302 0.029393343491138996 0.030269874999307392 0.031070933785338355 0.03178923110480683 0.03241811675726404 0.032951681467004605 0.033384849268718195 0.033713457879430864 0.03393432527755528 0.034045300999850765 0.034045300999850765 0.03393432527755528 0.033713457879430864 0.033384849268718195 0.032951681467004605 0.032418116757264026 0.03178923110480683 0.03107093378533834 0.030269874999307392 0.029393343491138996 0.028449156374752288 0.02744554348886158 0.026391028664885876 0.025294310286852077 0.024164143458481925 0.02300922597158941 0.02183809009754833 0.02065900200690379 0.019479870369298925 0.018308165405663854 0.01715084936639726 0.01601431910249589 0.014904361090441234 0.013826118974786963 0.012784073412641216 0.011782033748410768 0.010823140820875222 0.009909880012178443 0.009044103492590468 0.008227060497459927 0.007459434393888253 0.006741385253335049 0.00607259664054449 0.005452325355882448 0.004879452923668604 0.0043525376991109645 0.0038698665663857526 0.003429505315482436 0.0030293469108987757 0.0026671569965511883 0.0023406161141022227 0.0020473582424638237 0.0017850053911814773 0.0015511980969687455 0.0013436217786584558 0.0011600289996688898 9.982577677227198E-4 8.56246068507508E-4 7.320428832121899E-4 6.238159798145993E-4 
7.225446403437343E-4 8.479001482519635E-4 9.91760435183735E-4 0.0011562477126089664 0.0013436217786584582 0.0015562709937429271 0.0017966995193186262 0.002067510484047183 0.0023713847878591714 0.002711055316103593 0.00308927641351238 0.0035087885611110735 0.003972278307889206 0.004482333631816334 0.005041395039802215 0.005651702860920851 0.006315241338437595 0.007033680280038419 0.007808315177718267 0.0086400068541071 0.009529121825301813 0.010475474686024326 0.01147827391561389 0.012536072567639387 0.013646725336842636 0.014807353490383554 0.016014319102495903 0.017263209940288207 0.018548836212406203 0.019865240211890872 0.021205719661622897 0.022562865308629696 0.023928613017215696 0.025294310286852098 0.026650796776913066 0.027988498065747398 0.029297531516246415 0.030567822774656164 0.031789231104806845 0.03295168146700462 0.03404530099985078 0.035060557363606824 0.03598839626349995 0.03682037539700895 0.037548792065185806 0.03816680175678457 0.038668525155391084 0.039049141231484244 0.039304964358664936 0.03943350372916441 0.03943350372916441 0.039304964358664936 0.039049141231484244 0.038668525155391084 0.03816680175678457 0.03754879206518579 0.03682037539700895 0.035988396263499936 0.035060557363606824 0.03404530099985078 0.032951681467004605 0.03178923110480683 0.03056782277465615 0.0292975315162464 0.027988498065747387 0.026650796776913056 0.025294310286852077 0.023928613017215696 0.022562865308629686 0.021205719661622886 0.019865240211890865 0.01854883621240619 0.017263209940288193 0.01601431910249589 0.014807353490383554 0.013646725336842623 0.012536072567639377 0.01147827391561389 0.010475474686024317 0.009529121825301804 0.008640006854107093 0.007808315177718267 0.007033680280038413 0.00631524133843759 0.005651702860920851 0.005041395039802211 0.004482333631816331 0.003972278307889203 0.0035087885611110674 0.0030892764135123743 0.0027110553161035903 0.0023713847878591696 0.002067510484047179 0.0017966995193186247 0.0015562709937429243 0.0013436217786584569 0.0011562477126089664 9.917604351837332E-4 8.479001482519627E-4 7.225446403437343E-4 
8.341706638569392E-4 9.788923618826641E-4 0.0011449776448562332 0.001334876584997223 0.001551198096968747 0.0017966995193186262 0.002074271881760087 0.0023869204706692656 0.0027377403585855655 0.00312988663470145 0.0035665391628554107 0.004050861801373599 0.004585956144578293 0.005174809987520994 0.005820240871368564 0.006524835233949984 0.007290883864552855 0.00812031453968835 0.009014622892092643 0.009974802733005326 0.011001277201646878 0.012093832249451628 0.01325155407362016 0.014472772188762943 0.01575500986110949 0.017094943621976777 0.01848837352193326 0.019930205681605005 0.021414448538038634 0.02293422397728576 0.024481794286488515 0.026048605556136372 0.027625347821071445 0.029202031854736476 0.03076808213418886 0.03231244508402455 0.033823711297132485 0.0352902500314247 0.03670035390696862 0.03804239138976547 0.03930496435866496 0.040477067821416364 0.04154824868396894 0.04250876039129288 0.043349710253392036 0.044063196349511606 0.0446424310668144 0.045081848574247865 0.04537719385247006 0.04552559128846832 0.04552559128846832 0.04537719385247006 0.045081848574247865 0.0446424310668144 0.044063196349511606 0.04334971025339202 0.04250876039129288 0.04154824868396892 0.040477067821416364 0.03930496435866496 0.03804239138976546 0.03670035390696861 0.035290250031424684 0.033823711297132464 0.03231244508402454 0.030768082134188846 0.029202031854736448 0.027625347821071445 0.026048605556136358 0.024481794286488504 0.02293422397728575 0.021414448538038613 0.019930205681604987 0.018488373521933246 0.017094943621976763 0.015755009861109476 0.01447277218876293 0.01325155407362016 0.012093832249451616 0.011001277201646878 0.009974802733005316 0.009014622892092634 0.008120314539688336 0.007290883864552842 0.006524835233949984 0.005820240871368554 0.005174809987520994 0.0045859561445782855 0.004050861801373599 0.0035665391628554046 0.0031298866347014447 0.0027377403585855634 0.0023869204706692612 0.0020742718817600854 0.0017966995193186232 0.0015511980969687455 0.001334876584997223 0.0011449776448562313 9.788923618826632E-4 8.341706638569392E-4 
9.599026294963736E-4 0.0011264377817130167 0.001317556585999234 0.0015360784063867853 0.0017850053911814805 0.002067510484047183 0.0023869204706692656 0.0027466936149496313 0.0031503915001443003 0.003601644772286948 0.004104112586263094 0.004661435678984515 0.00527718313849828 0.00595479310096836 0.006697507786832336 0.0075083034796981545 0.008389816252441626 0.009344264449368457 0.010373369135313963 0.01147827391561389 0.01265946570795544 0.01391669820089429 0.015248919856959748 0.016654208403663186 0.018129713796808788 0.019671611631552184 0.021275068913066568 0.02293422397728578 0.024642182171493134 0.0263910286648859 0.028171859463065357 0.02997483135218164 0.03178923110480686 0.033603563849142704 0.03540566004636366 0.037182800049813 0.03892185474771367 0.04060944033217485 0.04223208480607567 0.0437764034502522 0.04522928013998617 0.0465780511345627 0.047810687777376536 0.04891597444528605 0.04988367808062036 0.050704705730535087 0.05137124670629146 0.05187689625632702 0.05221675801538721 0.05238752293819883 0.05238752293819883 0.05221675801538721 0.05187689625632702 0.05137124670629146 0.050704705730535087 0.04988367808062034 0.04891597444528605 0.047810687777376515 0.0465780511345627 0.04522928013998617 0.04377640345025218 0.04223208480607565 0.04060944033217483 0.038921854747713654 0.03718280004981298 0.03540566004636365 0.03360356384914267 0.03178923110480686 0.029974831352181625 0.028171859463065347 0.02639102866488589 0.024642182171493113 0.02293422397728576 0.021275068913066547 0.019671611631552177 0.01812971379680877 0.016654208403663173 0.015248919856959748 0.013916698200894279 0.01265946570795544 0.011478273915613879 0.010373369135313955 0.009344264449368441 0.00838981625244161 0.0075083034796981545 0.006697507786832324 0.00595479310096836 0.0052771831384982705 0.004661435678984515 0.004104112586263086 0.0036016447722869416 0.0031503915001442977 0.0027466936149496265 0.0023869204706692634 0.002067510484047179 0.001785005391181479 0.0015360784063867853 0.0013175565859992317 0.0011264377817130156 9.599026294963736E-4 
0.0011009852240061355 0.0012919970373234239 0.0015112057081645967 0.001761844979249667 0.0020473582424638255 0.0023713847878591714 0.0027377403585855655 0.0031503915001443003 0.0036134232628503267 0.0041309999103631475 0.004707318405309507 0.005346554585343332 0.006052802108594364 0.006830004434532703 0.007681880312003334 0.008611843466705217 0.009622917410811872 0.01071764653187603 0.011898004849860767 0.01316530405257492 0.01452010262289208 0.01596211804751104 0.017490144238249388 0.019101976394806024 0.02079434558505086 0.022562865308629707 0.024401992236741794 0.02630500318171515 0.028263990142745866 0.030269874999307406 0.03231244508402457 0.03438041046740614 0.03646148333531654 0.038542479346331024 0.04060944033217487 0.04264777716412468 0.04464243106681442 0.0465780511345627 0.04843918531076276 0.050210481644524886 0.05187689625632702 0.05342390414021616 0.0548377087164351 0.05610544593505051 0.057215378725086814 0.05815707768837736 0.05892158415283763 0.05950155202250228 0.059891365284214376 0.06008722854265006 0.06008722854265006 0.059891365284214376 0.05950155202250228 0.05892158415283763 0.05815707768837736 0.057215378725086787 0.05610544593505051 0.05483770871643508 0.05342390414021616 0.05187689625632702 0.050210481644524865 0.04843918531076274 0.046578051134562676 0.0446424310668144 0.042647777164124656 0.04060944033217485 0.03854247934633099 0.03646148333531654 0.03438041046740613 0.03231244508402455 0.030269874999307392 0.028263990142745842 0.026305003181715126 0.024401992236741773 0.022562865308629696 0.020794345585050843 0.019101976394806007 0.017490144238249388 0.015962118047511027 0.014520102622892066 0.013165304052574907 0.011898004849860767 0.01071764653187602 0.009622917410811864 0.008611843466705217 0.007681880312003327 0.006830004434532697 0.006052802108594359 0.005346554585343322 0.004707318405309499 0.004130999910363143 0.0036134232628503237 0.0031503915001442947 0.0027377403585855634 0.0023713847878591675 0.0020473582424638237 0.001761844979249667 0.001511205708164594 0.0012919970373234226 0.0011009852240061355 
0.0012586872698917718 0.001477059081410356 0.001727666589505435 0.0020142067291649053 0.002340616114102225 0.002711055316103593 0.00312988663470145 0.003601644772286948 0.0041309999103631475 0.004722712790075707 0.005381581535246192 0.006112380118841294 0.006919788563138194 0.007808315177718274 0.008782211374616 0.00984537985205701 0.011001277201646889 0.012252812261899055 0.013602241805878088 0.015051065403887978 0.016599921534328 0.01824848721748139 0.019995383608465873 0.02183809009754837 0.02377286951989814 0.025794707065111916 0.02789726539346687 0.03007285830668232 0.03231244508402457 0.03460564728035906 0.036940789394383396 0.03930496435866497 0.04168412428691973 0.04406319634951163 0.04642622304915977 0.04875652555112364 0.0510368881031478 0.053249760978731665 0.055377478811873514 0.057402490681151726 0.059307597863793894 0.061076194832596284 0.06269250882428305 0.06414183317836751 0.06541074963863634 0.06648733492908296 0.0673613471624758 0.06802438800859806 0.06847003703226677 0.0686939551963412 0.0686939551963412 0.06847003703226677 0.06802438800859806 0.0673613471624758 0.06648733492908296 0.06541074963863631 0.06414183317836751 0.06269250882428302 0.061076194832596284 0.059307597863793894 0.0574024906811517 0.05537747881187349 0.05324976097873164 0.05103688810314778 0.04875652555112362 0.04642622304915975 0.044063196349511585 0.04168412428691973 0.03930496435866496 0.03694078939438338 0.034605647280359045 0.03231244508402454 0.03007285830668229 0.027897265393466847 0.025794707065111906 0.02377286951989812 0.021838090097548352 0.019995383608465873 0.018248487217481374 0.016599921534327985 0.015051065403887964 0.013602241805878088 0.012252812261899044 0.011001277201646878 0.00984537985205701 0.008782211374615993 0.007808315177718267 0.006919788563138188 0.006112380118841284 0.005381581535246182 0.004722712790075702 0.004130999910363143 0.0036016447722869416 0.0031298866347014473 0.002711055316103588 0.0023406161141022227 0.0020142067291649053 0.001727666589505432 0.0014770590814103548 0.0012586872698917718 
0.0014342875528093268 0.0016831245583448344 0.0019686944835354174 0.002295210025183157 0.002667156996551193 0.00308927641351238 0.0035665391628554107 0.004104112586263094 0.004707318405309507 0.005381581535246192 0.006132369489282128 0.006965122260469898 0.007885172784050525 0.008897658326818905 0.010007423418078514 0.011218915224032826 0.012536072567639387 0.013962210101372054 0.015499899442179266 0.01715084936639729 0.018915787426963804 0.020794345585050854 0.0227849526322263 0.024884736306847295 0.027089438069777236 0.02939334349113901 0.03178923110480686 0.034268342405959044 0.03682037539700897 0.039433503729164425 0.04209442304431243 0.04478842560161492 0.04749950368499932 0.050210481644524865 0.0529031757420451 0.05555858026769396 0.05815707768837733 0.060678669903790956 0.06310322704118712 0.06541074963863631 0.06758163956832175 0.06959697465509647 0.07143878166718073 0.07309030220828032 0.07453624603249562 0.07576302643979883 0.07675897269058296 0.07751451479809876 0.07802233660805845 0.0782774937414165 0.0782774937414165 0.07802233660805845 0.07751451479809876 0.07675897269058296 0.07576302643979883 0.07453624603249559 0.07309030220828029 0.07143878166718073 0.06959697465509647 0.06758163956832172 0.06541074963863629 0.0631032270411871 0.060678669903790956 0.05815707768837731 0.05555858026769394 0.05290317574204508 0.05021048164452484 0.04749950368499932 0.04478842560161488 0.04209442304431243 0.03943350372916439 0.03682037539700895 0.034268342405959044 0.03178923110480683 0.029393343491138996 0.027089438069777212 0.02488473630684726 0.0227849526322263 0.020794345585050833 0.018915787426963787 0.01715084936639726 0.015499899442179253 0.01396221010137204 0.012536072567639377 0.011218915224032826 0.010007423418078506 0.008897658326818896 0.007885172784050511 0.006965122260469892 0.006132369489282117 0.005381581535246182 0.004707318405309499 0.004104112586263086 0.0035665391628554107 0.0030892764135123743 0.0026671569965511883 0.002295210025183157 0.001968694483535414 0.0016831245583448316 0.0014342875528093268 
0.0016290584217808753 0.0019116865591612482 0.0022360358088830707 0.002606890936170302 0.003029346910898781 0.0035087885611110735 0.004050861801373599 0.004661435678984515 0.005346554585343332 0.006112380118841294 0.006965122260469898 0.007910959733930247 0.008955949667062696 0.010105926948220541 0.01136639397561252 0.012742401823929087 0.014238424193509007 0.015858225854197237 0.017604727638876452 0.019479870369298942 0.021484480397361918 0.023618139705945285 0.025879063722406174 0.028263990142745866 0.030768082134188832 0.03338484926871821 0.03610608943219954 0.038921854747713654 0.0418204442450494 0.04478842560161492 0.047810687777376494 0.05087052577546603 0.053949758092020926 0.05702887668827254 0.06008722854265006 0.06310322704118712 0.0660545906633902 0.06891860564195618 0.07167240854293501 0.07429328405249472 0.07675897269058296 0.07904798272165399 0.08113990021647854 0.08301569105141446 0.08465798862252998 0.08605136120690375 0.0871825532222727 0.08804069511358861 0.08861747722025787 0.08890728373510925 0.08890728373510925 0.08861747722025787 0.08804069511358861 0.0871825532222727 0.08605136120690375 0.08465798862252993 0.08301569105141442 0.08113990021647854 0.07904798272165399 0.07675897269058293 0.07429328405249469 0.07167240854293498 0.06891860564195618 0.06605459066339017 0.0631032270411871 0.060087228542650035 0.057028876688272515 0.053949758092020926 0.05087052577546599 0.047810687777376494 0.04478842560161488 0.04182044424504938 0.038921854747713654 0.036106089432199506 0.033384849268718195 0.030768082134188805 0.02826399014274583 0.025879063722406174 0.023618139705945264 0.0214844803973619 0.019479870369298914 0.01760472763887644 0.015858225854197223 0.014238424193508995 0.012742401823929087 0.011366393975612512 0.010105926948220533 0.00895594966706268 0.00791095973393024 0.006965122260469886 0.006112380118841284 0.005346554585343322 0.004661435678984506 0.004050861801373599 0.0035087885611110674 0.0030293469108987757 0.002606890936170302 0.0022360358088830664 0.0019116865591612448 0.0016290584217808753 
0.0018442471862924988 0.0021642087912059848 0.0025314026150601537 0.0029512454616254296 0.003429505315482439 0.003972278307889206 0.004585956144578293 0.00527718313849828 0.006052802108594364 0.006919788563138194 0.007885172784050525 0.008955949667062696 0.010138976449967552 0.011440858774578823 0.01286782587262855 0.014425596035223472 0.016119233911458915 0.01795300157450594 0.019930205681604998 0.022053043425323222 0.02432245031364546 0.02673795311191833 0.029297531516246415 0.03199749229200411 0.03483235969006082 0.0377947859361145 0.04087548546636231 0.04406319634951163 0.047344671987957124 0.050704705730535066 0.0541261904602192 0.05759021455109156 0.061076194832596256 0.06456204637203343 0.06802438800859806 0.07143878166718076 0.07478000257319577 0.07802233660805848 0.08113990021647857 0.0841069775290555 0.08689836872305363 0.0894897431346497 0.09185799027803253 0.09398156173695042 0.0958407968841306 0.09741822555938906 0.09869884119821931 0.09967033844309342 0.10032330997751253 0.10065139818014411 0.10065139818014411 0.10032330997751253 0.09967033844309342 0.09869884119821931 0.09741822555938906 0.09584079688413054 0.09398156173695042 0.09185799027803249 0.0894897431346497 0.08689836872305363 0.08410697752905547 0.08113990021647854 0.07802233660805845 0.07478000257319573 0.07143878166718073 0.06802438800859803 0.06456204637203337 0.061076194832596256 0.05759021455109154 0.05412619046021917 0.050704705730535045 0.04734467198795708 0.044063196349511585 0.04087548546636228 0.03779478593611449 0.034832359690060787 0.03199749229200408 0.029297531516246415 0.026737953111918306 0.02432245031364545 0.022053043425323205 0.019930205681604987 0.017953001574505925 0.0161192339114589 0.014425596035223472 0.01286782587262854 0.011440858774578812 0.010138976449967543 0.00895594966706268 0.007885172784050511 0.006919788563138188 0.006052802108594359 0.0052771831384982705 0.00458595614457829 0.0039722783078891995 0.003429505315482436 0.0029512454616254296 0.002531402615060149 0.0021642087912059826 0.0018442471862924988 
0.0020810553913313766 0.0024421012575651913 0.0028564441355020034 0.0033301963666836688 0.003869866566385756 0.004482333631816334 0.005174809987520994 0.00595479310096836 0.006830004434532703 0.007808315177718274 0.008897658326818905 0.010105926948220541 0.011440858774578823 0.01290990763670983 0.014520102622892066 0.016277896274100145 0.01818900355922944 0.020258233817514293 0.022489318293295864 0.02488473630684727 0.027445543488861603 0.030171205839594088 0.03305944364060734 0.03610608943219954 0.03930496435866496 0.042647777164124656 0.04612404998381242 0.04972107481252833 0.05342390414021614 0.057215378725086766 0.061076194832596256 0.0649850125136489 0.06891860564195618 0.07285205349723516 0.076758972690583 0.08061178720706086 0.08438203331711178 0.08804069511358861 0.09155856549633468 0.09490662658257559 0.09805644279851501 0.1009805593325092 0.10365289822632619 0.10604914416684058 0.1081471120290393 0.10992708841912756 0.11137213987384524 0.11246838098194377 0.11320519649246139 0.11357541244181645 0.11357541244181645 0.11320519649246139 0.11246838098194377 0.11137213987384524 0.10992708841912756 0.10814711202903926 0.10604914416684058 0.10365289822632613 0.1009805593325092 0.09805644279851501 0.09490662658257555 0.09155856549633463 0.08804069511358859 0.08438203331711173 0.08061178720706083 0.07675897269058296 0.07285205349723509 0.06891860564195618 0.06498501251364887 0.06107619483259623 0.05721537872508674 0.05342390414021609 0.04972107481252829 0.04612404998381238 0.04264777716412464 0.03930496435866492 0.036106089432199506 0.03305944364060734 0.03017120583959406 0.02744554348886159 0.02488473630684725 0.022489318293295854 0.02025823381751427 0.018189003559229422 0.016277896274100145 0.014520102622892054 0.01290990763670982 0.011440858774578812 0.010105926948220524 0.008897658326818889 0.007808315177718267 0.006830004434532697 0.005954793100968349 0.005174809987520988 0.0044823336318163265 0.0038698665663857526 0.0033301963666836688 0.002856444135501998 0.002442101257565189 0.0020810553913313766 
0.002340616114102225 0.0027466936149496287 0.0032127156251768253 0.003745556851323277 0.004352537699110969 0.005041395039802215 0.005820240871368564 0.006697507786832336 0.007681880312003334 0.008782211374616 0.010007423418078514 0.01136639397561252 0.01286782587262855 0.014520102622892066 0.01633113002139568 0.01830816540566387 0.020457636547078314 0.0227849526322263 0.025294310286852098 0.02798849806574741 0.030868703263695948 0.033934325277555306 0.03718280004981298 0.04060944033217487 0.044207296607923656 0.047967043489951934 0.05187689625632702 0.05592256188924989 0.06008722854265006 0.06435159677932627 0.06869395519634117 0.07309030220828032 0.07751451479809876 0.0819385639956344 0.0863327757299962 0.09066613455335061 0.09490662658257559 0.09902161688632012 0.10297825549357538 0.10674390525095188 0.11028658394283027 0.11357541244181649 0.11658106020269055 0.11927617917217269 0.121635817173922 0.12363780205078617 0.12526308830443808 0.12649605865844443 0.12732477386911198 0.12774116519649692 0.12774116519649692 0.12732477386911198 0.12649605865844443 0.12526308830443808 0.12363780205078617 0.12163581717392194 0.11927617917217263 0.11658106020269055 0.11357541244181649 0.11028658394283021 0.10674390525095184 0.10297825549357532 0.09902161688632012 0.09490662658257555 0.09066613455335057 0.08633277572999618 0.08193856399563436 0.07751451479809876 0.07309030220828026 0.06869395519634117 0.06435159677932621 0.060087228542650035 0.05592256188924989 0.05187689625632697 0.04796704348995191 0.044207296607923614 0.04060944033217481 0.03718280004981298 0.03393432527755528 0.03086870326369592 0.027988498065747373 0.025294310286852077 0.02278495263222628 0.020457636547078297 0.01830816540566387 0.01633113002139565 0.014520102622892066 0.01286782587262854 0.011366393975612512 0.010007423418078497 0.008782211374615993 0.007681880312003334 0.006697507786832324 0.005820240871368554 0.005041395039802206 0.004352537699110969 0.003745556851323277 0.0032127156251768197 0.0027466936149496287 0.002340616114102225 
0.002623969493354357 0.00307920645756276 0.0036016447722869447 0.004198991391318534 0.004879452923668604 0.005651702860920851 0.006524835233949984 0.0075083034796981545 0.008611843466705217 0.00984537985205701 0.011218915224032826 0.012742401823929087 0.014425596035223472 0.016277896274100145 0.01830816540566387 0.020524539335735545 0.02293422397728576 0.025543283349315053 0.028356422118198093 0.03137676641925449 0.03460564728035906 0.03804239138976546 0.04168412428691969 0.045525591288468344 0.04955900157397321 0.05377390083136827 0.05815707768837733 0.062692508824283 0.06736134716247577 0.0721419568891415 0.07700999823381456 0.08193856399563436 0.08689836872305359 0.09185799027803249 0.09678416226703793 0.10164211453342281 0.10639595761536133 0.11100910581912656 0.1154447323787805 0.11966624910955939 0.12363780205078612 0.12732477386911198 0.13069428328365662 0.13371567150459274 0.1363609656622486 0.1386053094533548 0.140427351744637 0.14180958464290272 0.14273862354781705 0.14320542292332017 0.14320542292332017 0.14273862354781705 0.14180958464290266 0.14042735174463697 0.13860530945335478 0.1363609656622486 0.13371567150459268 0.13069428328365662 0.12732477386911198 0.12363780205078606 0.11966624910955934 0.11544473237878045 0.11100910581912656 0.10639595761536128 0.10164211453342276 0.09678416226703788 0.09185799027803244 0.08689836872305359 0.08193856399563429 0.07700999823381456 0.07214195688914145 0.06736134716247573 0.062692508824283 0.05815707768837728 0.053773900831368245 0.049559001573973166 0.04552559128846829 0.04168412428691969 0.03804239138976542 0.034605647280359024 0.03137676641925445 0.02835642211819807 0.02554328334931503 0.02293422397728574 0.020524539335735545 0.018308165405663837 0.016277896274100145 0.01442559603522346 0.012742401823929076 0.011218915224032807 0.009845379852057001 0.008611843466705217 0.0075083034796981415 0.006524835233949972 0.0056517028609208405 0.004879452923668604 0.004198991391318534 0.003601644772286938 0.00307920645756276 0.002623969493354357 
0.0029320367724588064 0.003440720856866835 0.004024496069952303 0.004691974200830114 0.005452325355882452 0.006315241338437595 0.007290883864552855 0.008389816252441626 0.009622917410811872 0.011001277201646889 0.012536072567639387 0.014238424193509007 0.016119233911458915 0.01818900355922944 0.020457636547078314 0.02293422397728576 0.025626817773421157 0.028542193900961025 0.03168560937788808 0.03506055736360684 0.03866852515539112 0.04250876039129292 0.046578051134562676 0.05087052577546608 0.055377478811873514 0.06008722854265009 0.06498501251364892 0.07005292618532448 0.07526990973902695 0.0806117872070609 0.08605136120690379 0.09155856549633472 0.09710067636379686 0.10264258255344841 0.10814711202903936 0.11357541244181654 0.11888738072576342 0.12404213584181893 0.1289985273756149 0.13371567150459282 0.13815350483189945 0.14227334577430736 0.146038452622391 0.1494145670894589 0.15237043214957532 0.15487827324385223 0.15691423250806807 0.158458746533891 0.15949685930126603 0.160018463282487 0.160018463282487 0.15949685930126603 0.15845874653389097 0.15691423250806802 0.1548782732438522 0.15237043214957532 0.14941456708945888 0.14603845262239099 0.14227334577430734 0.1381535048318994 0.13371567150459282 0.12899852737561485 0.12404213584181893 0.11888738072576337 0.11357541244181649 0.1081471120290393 0.10264258255344837 0.09710067636379682 0.09155856549633468 0.08605136120690375 0.08061178720706083 0.07526990973902688 0.07005292618532445 0.06498501251364887 0.060087228542650035 0.055377478811873465 0.05087052577546603 0.046578051134562676 0.04250876039129288 0.038668525155391084 0.03506055736360681 0.031685609377888065 0.028542193900960987 0.025626817773421122 0.02293422397728576 0.020457636547078297 0.018189003559229422 0.016119233911458888 0.014238424193508995 0.012536072567639365 0.011001277201646868 0.009622917410811864 0.00838981625244161 0.007290883864552848 0.006315241338437584 0.005452325355882448 0.004691974200830114 0.004024496069952296 0.003440720856866832 0.0029320367724588064 
