DIMENSION x 10
-10 -7.77778 -5.55556 -3.33333 -1.11111 1.11111 3.33333 5.55556 7.77778 10 END
DIMENSION y 10
-10 -7.77778 -5.55556 -3.33333 -1.11111 1.11111 3.33333 5.55556 7.77778 10 END
DIMENSION z 10
-10 -7.77778 -5.55556 -3.33333 -1.11111 1.11111 3.33333 5.55556 7.77778 10 END
VARIABLE a
0.544021 0.544021 0.544021 0.544021 0.544021 0.544021 0.544021 0.544021 0.544021 0.544021 
0.544021 0.544021 0.544021 0.544021 0.544021 0.544021 0.544021 0.544021 0.544021 0.544021 
0.544021 0.544021 0.544021 0.544021 0.544021 0.544021 0.544021 0.544021 0.544021 0.544021 
0.544021 0.544021 0.544021 0.544021 0.544021 0.544021 0.544021 0.544021 0.544021 0.544021 
0.544021 0.544021 0.544021 0.544021 0.544021 0.544021 0.544021 0.544021 0.544021 0.544021 
0.544021 0.544021 0.544021 0.544021 0.544021 0.544021 0.544021 0.544021 0.544021 0.544021 
0.544021 0.544021 0.544021 0.544021 0.544021 0.544021 0.544021 0.544021 0.544021 0.544021 
0.544021 0.544021 0.544021 0.544021 0.544021 0.544021 0.544021 0.544021 0.544021 0.544021 
0.544021 0.544021 0.544021 0.544021 0.544021 0.544021 0.544021 0.544021 0.544021 0.544021 
0.544021 0.544021 0.544021 0.544021 0.544021 0.544021 0.544021 0.544021 0.544021 0.544021 
-0.997098 -0.997098 -0.997098 -0.997098 -0.997098 -0.997098 -0.997098 -0.997098 -0.997098 -0.997098 
-0.997098 -0.997098 -0.997098 -0.997098 -0.997098 -0.997098 -0.997098 -0.997098 -0.997098 -0.997098 
-0.997098 -0.997098 -0.997098 -0.997098 -0.997098 -0.997098 -0.997098 -0.997098 -0.997098 -0.997098 
-0.997098 -0.997098 -0.997098 -0.997098 -0.997098 -0.997098 -0.997098 -0.997098 -0.997098 -0.997098 
-0.997098 -0.997098 -0.997098 -0.997098 -0.997098 -0.997098 -0.997098 -0.997098 -0.997098 -0.997098 
-0.997098 -0.997098 -0.997098 -0.997098 -0.997098 -0.997098 -0.997098 -0.997098 -0.997098 -0.997098 
-0.997098 -0.997098 -0.997098 -0.997098 -0.997098 -0.997098 -0.997098 -0.997098 -0.997098 -0.997098 
-0.997098 -0.997098 -0.997098 -0.997098 -0.997098 -0.997098 -0.997098 -0.997098 -0.997098 -0.997098 
-0.997098 -0.997098 -0.997098 -0.997098 -0.997098 -0.997098 -0.997098 -0.997098 -0.997098 -0.997098 
-0.997098 -0.997098 -0.997098 -0.997098 -0.997098 -0.997098 -0.997098 -0.997098 -0.997098 -0.997098 
0.665102 0.665102 0.665102 0.665102 0.665102 0.665102 0.665102 0.665102 0.665102 0.665102 
0.665102 0.665102 0.665102 0.665102 0.665102 0.665102 0.665102 0.665102 0.665102 0.665102 
0.665102 0.665102 0.665102 0.665102 0.665102 0.665102 0.665102 0.665102 0.665102 0.665102 
0.665102 0.665102 0.665102 0.665102 0.665102 0.665102 0.665102 0.665102 0.665102 0.665102 
0.665102 0.665102 0.665102 0.665102 0.665102 0.665102 0.665102 0.665102 0.665102 0.665102 
0.665102 0.665102 0.665102 0.665102 0.665102 0.665102 0.665102 0.665102 0.665102 0.665102 
0.665102 0.665102 0.665102 0.665102 0.665102 0.665102 0.665102 0.665102 0.665102 0.665102 
0.665102 0.665102 0.665102 0.665102 0.665102 0.665102 0.665102 0.665102 0.665102 0.665102 
0.665102 0.665102 0.665102 0.665102 0.665102 0.665102 0.665102 0.665102 0.665102 0.665102 
0.665102 0.665102 0.665102 0.665102 0.665102 0.665102 0.665102 0.665102 0.665102 0.665102 
0.190568 0.190568 0.190568 0.190568 0.190568 0.190568 0.190568 0.190568 0.190568 0.190568 
0.190568 0.190568 0.190568 0.190568 0.190568 0.190568 0.190568 0.190568 0.190568 0.190568 
0.190568 0.190568 0.190568 0.190568 0.190568 0.190568 0.190568 0.190568 0.190568 0.190568 
0.190568 0.190568 0.190568 0.190568 0.190568 0.190568 0.190568 0.190568 0.190568 0.190568 
0.190568 0.190568 0.190568 0.190568 0.190568 0.190568 0.190568 0.190568 0.190568 0.190568 
0.190568 0.190568 0.190568 0.190568 0.190568 0.190568 0.190568 0.190568 0.190568 0.190568 
0.190568 0.190568 0.190568 0.190568 0.190568 0.190568 0.190568 0.190568 0.190568 0.190568 
0.190568 0.190568 0.190568 0.190568 0.190568 0.190568 0.190568 0.190568 0.190568 0.190568 
0.190568 0.190568 0.190568 0.190568 0.190568 0.190568 0.190568 0.190568 0.190568 0.190568 
0.190568 0.190568 0.190568 0.190568 0.190568 0.190568 0.190568 0.190568 0.190568 0.190568 
-0.896192 -0.896192 -0.896192 -0.896192 -0.896192 -0.896192 -0.896192 -0.896192 -0.896192 -0.896192 
-0.896192 -0.896192 -0.896192 -0.896192 -0.896192 -0.896192 -0.896192 -0.896192 -0.896192 -0.896192 
-0.896192 -0.896192 -0.896192 -0.896192 -0.896192 -0.896192 -0.896192 -0.896192 -0.896192 -0.896192 
-0.896192 -0.896192 -0.896192 -0.896192 -0.896192 -0.896192 -0.896192 -0.896192 -0.896192 -0.896192 
-0.896192 -0.896192 -0.896192 -0.896192 -0.896192 -0.896192 -0.896192 -0.896192 -0.896192 -0.896192 
-0.896192 -0.896192 -0.896192 -0.896192 -0.896192 -0.896192 -0.896192 -0.896192 -0.896192 -0.896192 
-0.896192 -0.896192 -0.896192 -0.896192 -0.896192 -0.896192 -0.896192 -0.896192 -0.896192 -0.896192 
-0.896192 -0.896192 -0.896192 -0.896192 -0.896192 -0.896192 -0.896192 -0.896192 -0.896192 -0.896192 
-0.896192 -0.896192 -0.896192 -0.896192 -0.896192 -0.896192 -0.896192 -0.896192 -0.896192 -0.896192 
-0.896192 -0.896192 -0.896192 -0.896192 -0.896192 -0.896192 -0.896192 -0.896192 -0.896192 -0.896192 
0.896192 0.896192 0.896192 0.896192 0.896192 0.896192 0.896192 0.896192 0.896192 0.896192 
0.896192 0.896192 0.896192 0.896192 0.896192 0.896192 0.896192 0.896192 0.896192 0.896192 
0.896192 0.896192 0.896192 0.896192 0.896192 0.896192 0.896192 0.896192 0.896192 0.896192 
0.896192 0.896192 0.896192 0.896192 0.896192 0.896192 0.896192 0.896192 0.896192 0.896192 
0.896192 0.896192 0.896192 0.896192 0.896192 0.896192 0.896192 0.896192 0.896192 0.896192 
0.896192 0.896192 0.896192 0.896192 0.896192 0.896192 0.896192 0.896192 0.896192 0.896192 
0.896192 0.896192 0.896192 0.896192 0.896192 0.896192 0.896192 0.896192 0.896192 0.896192 
0.896192 0.896192 0.896192 0.896192 0.896192 0.896192 0.896192 0.896192 0.896192 0.896192 
0.896192 0.896192 0.896192 0.896192 0.896192 0.896192 0.896192 0.896192 0.896192 0.896192 
0.896192 0.896192 0.896192 0.896192 0.896192 0.896192 0.896192 0.896192 0.896192 0.896192 
-0.190568 -0.190568 -0.190568 -0.190568 -0.190568 -0.190568 -0.190568 -0.190568 -0.190568 -0.190568 
-0.190568 -0.190568 -0.190568 -0.190568 -0.190568 -0.190568 -0.190568 -0.190568 -0.190568 -0.190568 
-0.190568 -0.190568 -0.190568 -0.190568 -0.190568 -0.190568 -0.190568 -0.190568 -0.190568 -0.190568 
-0.190568 -0.190568 -0.190568 -0.190568 -0.190568 -0.190568 -0.190568 -0.190568 -0.190568 -0.190568 
-0.190568 -0.190568 -0.190568 -0.190568 -0.190568 -0.190568 -0.190568 -0.190568 -0.190568 -0.190568 
-0.190568 -0.190568 -0.190568 -0.190568 -0.190568 -0.190568 -0.190568 -0.190568 -0.190568 -0.190568 
-0.190568 -0.190568 -0.190568 -0.190568 -0.190568 -0.190568 -0.190568 -0.190568 -0.190568 -0.190568 
-0.190568 -0.190568 -0.190568 -0.190568 -0.190568 -0.190568 -0.190568 -0.190568 -0.190568 -0.190568 
-0.190568 -0.190568 -0.190568 -0.190568 -0.190568 -0.190568 -0.190568 -0.190568 -0.190568 -0.190568 
-0.190568 -0.190568 -0.190568 -0.190568 -0.190568 -0.190568 -0.190568 -0.190568 -0.190568 -0.190568 
-0.665102 -0.665102 -0.665102 -0.665102 -0.665102 -0.665102 -0.665102 -0.665102 -0.665102 -0.665102 
-0.665102 -0.665102 -0.665102 -0.665102 -0.665102 -0.665102 -0.665102 -0.665102 -0.665102 -0.665102 
-0.665102 -0.665102 -0.665102 -0.665102 -0.665102 -0.665102 -0.665102 -0.665102 -0.665102 -0.665102 
-0.665102 -0.665102 -0.665102 -0.665102 -0.665102 -0.665102 -0.665102 -0.665102 -0.665102 -0.665102 
-0.665102 -0.665102 -0.665102 -0.665102 -0.665102 -0.665102 -0.665102 -0.665102 -0.665102 -0.665102 
-0.665102 -0.665102 -0.665102 -0.665102 -0.665102 -0.665102 -0.665102 -0.665102 -0.665102 -0.665102 
-0.665102 -0.665102 -0.665102 -0.665102 -0.665102 -0.665102 -0.665102 -0.665102 -0.665102 -0.665102 
-0.665102 -0.665102 -0.665102 -0.665102 -0.665102 -0.665102 -0.665102 -0.665102 -0.665102 -0.665102 
-0.665102 -0.665102 -0.665102 -0.665102 -0.665102 -0.665102 -0.665102 -0.665102 -0.665102 -0.665102 
-0.665102 -0.665102 -0.665102 -0.665102 -0.665102 -0.665102 -0.665102 -0.665102 -0.665102 -0.665102 
0.997098 0.997098 0.997098 0.997098 0.997098 0.997098 0.997098 0.997098 0.997098 0.997098 
0.997098 0.997098 0.997098 0.997098 0.997098 0.997098 0.997098 0.997098 0.997098 0.997098 
0.997098 0.997098 0.997098 0.997098 0.997098 0.997098 0.997098 0.997098 0.997098 0.997098 
0.997098 0.997098 0.997098 0.997098 0.997098 0.997098 0.997098 0.997098 0.997098 0.997098 
0.997098 0.997098 0.997098 0.997098 0.997098 0.997098 0.997098 0.997098 0.997098 0.997098 
0.997098 0.997098 0.997098 0.997098 0.997098 0.997098 0.997098 0.997098 0.997098 0.997098 
0.997098 0.997098 0.997098 0.997098 0.997098 0.997098 0.997098 0.997098 0.997098 0.997098 
0.997098 0.997098 0.997098 0.997098 0.997098 0.997098 0.997098 0.997098 0.997098 0.997098 
0.997098 0.997098 0.997098 0.997098 0.997098 0.997098 0.997098 0.997098 0.997098 0.997098 
0.997098 0.997098 0.997098 0.997098 0.997098 0.997098 0.997098 0.997098 0.997098 0.997098 
-0.544021 -0.544021 -0.544021 -0.544021 -0.544021 -0.544021 -0.544021 -0.544021 -0.544021 -0.544021 
-0.544021 -0.544021 -0.544021 -0.544021 -0.544021 -0.544021 -0.544021 -0.544021 -0.544021 -0.544021 
-0.544021 -0.544021 -0.544021 -0.544021 -0.544021 -0.544021 -0.544021 -0.544021 -0.544021 -0.544021 
-0.544021 -0.544021 -0.544021 -0.544021 -0.544021 -0.544021 -0.544021 -0.544021 -0.544021 -0.544021 
-0.544021 -0.544021 -0.544021 -0.544021 -0.544021 -0.544021 -0.544021 -0.544021 -0.544021 -0.544021 
-0.544021 -0.544021 -0.544021 -0.544021 -0.544021 -0.544021 -0.544021 -0.544021 -0.544021 -0.544021 
-0.544021 -0.544021 -0.544021 -0.544021 -0.544021 -0.544021 -0.544021 -0.544021 -0.544021 -0.544021 
-0.544021 -0.544021 -0.544021 -0.544021 -0.544021 -0.544021 -0.544021 -0.544021 -0.544021 -0.544021 
-0.544021 -0.544021 -0.544021 -0.544021 -0.544021 -0.544021 -0.544021 -0.544021 -0.544021 -0.544021 
-0.544021 -0.544021 -0.544021 -0.544021 -0.544021 -0.544021 -0.544021 -0.544021 -0.544021 -0.544021 
END
VARIABLE b
0.862319 -0.72343 0.546085 -0.339712 0.11528 0.11528 -0.339712 0.546085 -0.72343 0.862319 
-0.72343 -0.694144 0.716223 0.701579 -0.70894 -0.70894 0.701579 0.716223 -0.694144 -0.72343 
0.546085 0.716223 0.85162 0.945706 0.993918 0.993918 0.945706 0.85162 0.716223 0.546085 
-0.339712 0.701579 0.945706 0.11528 -0.846132 -0.846132 0.11528 0.945706 0.701579 -0.339712 
0.11528 -0.70894 0.993918 -0.846132 0.329929 0.329929 -0.846132 0.993918 -0.70894 0.11528 
0.11528 -0.70894 0.993918 -0.846132 0.329929 0.329929 -0.846132 0.993918 -0.70894 0.11528 
-0.339712 0.701579 0.945706 0.11528 -0.846132 -0.846132 0.11528 0.945706 0.701579 -0.339712 
0.546085 0.716223 0.85162 0.945706 0.993918 0.993918 0.945706 0.85162 0.716223 0.546085 
-0.72343 -0.694144 0.716223 0.701579 -0.70894 -0.70894 0.701579 0.716223 -0.694144 -0.72343 
0.862319 -0.72343 0.546085 -0.339712 0.11528 0.11528 -0.339712 0.546085 -0.72343 0.862319 
0.862319 -0.72343 0.546085 -0.339712 0.11528 0.11528 -0.339712 0.546085 -0.72343 0.862319 
-0.72343 -0.694144 0.716223 0.701579 -0.70894 -0.70894 0.701579 0.716223 -0.694144 -0.72343 
0.546085 0.716223 0.85162 0.945706 0.993918 0.993918 0.945706 0.85162 0.716223 0.546085 
-0.339712 0.701579 0.945706 0.11528 -0.846132 -0.846132 0.11528 0.945706 0.701579 -0.339712 
0.11528 -0.70894 0.993918 -0.846132 0.329929 0.329929 -0.846132 0.993918 -0.70894 0.11528 
0.11528 -0.70894 0.993918 -0.846132 0.329929 0.329929 -0.846132 0.993918 -0.70894 0.11528 
-0.339712 0.701579 0.945706 0.11528 -0.846132 -0.846132 0.11528 0.945706 0.701579 -0.339712 
0.546085 0.716223 0.85162 0.945706 0.993918 0.993918 0.945706 0.85162 0.716223 0.546085 
-0.72343 -0.694144 0.716223 0.701579 -0.70894 -0.70894 0.701579 0.716223 -0.694144 -0.72343 
0.862319 -0.72343 0.546085 -0.339712 0.11528 0.11528 -0.339712 0.546085 -0.72343 0.862319 
0.862319 -0.72343 0.546085 -0.339712 0.11528 0.11528 -0.339712 0.546085 -0.72343 0.862319 
-0.72343 -0.694144 0.716223 0.701579 -0.70894 -0.70894 0.701579 0.716223 -0.694144 -0.72343 
0.546085 0.716223 0.85162 0.945706 0.993918 0.993918 0.945706 0.85162 0.716223 0.546085 
-0.339712 0.701579 0.945706 0.11528 -0.846132 -0.846132 0.11528 0.945706 0.701579 -0.339712 
0.11528 -0.70894 0.993918 -0.846132 0.329929 0.329929 -0.846132 0.993918 -0.70894 0.11528 
0.11528 -0.70894 0.993918 -0.846132 0.329929 0.329929 -0.846132 0.993918 -0.70894 0.11528 
-0.339712 0.701579 0.945706 0.11528 -0.846132 -0.846132 0.11528 0.945706 0.701579 -0.339712 
0.546085 0.716223 0.85162 0.945706 0.993918 0.993918 0.945706 0.85162 0.716223 0.546085 
-0.72343 -0.694144 0.716223 0.701579 -0.70894 -0.70894 0.701579 0.716223 -0.694144 -0.72343 
0.862319 -0.72343 0.546085 -0.339712 0.11528 0.11528 -0.339712 0.546085 -0.72343 0.862319 
0.862319 -0.72343 0.546085 -0.339712 0.11528 0.11528 -0.339712 0.546085 -0.72343 0.862319 
-0.72343 -0.694144 0.716223 0.701579 -0.70894 -0.70894 0.701579 0.716223 -0.694144 -0.72343 
0.546085 0.716223 0.85162 0.945706 0.993918 0.993918 0.945706 0.85162 0.716223 0.546085 
-0.339712 0.701579 0.945706 0.11528 -0.846132 -0.846132 0.11528 0.945706 0.701579 -0.339712 
0.11528 -0.70894 0.993918 -0.846132 0.329929 0.329929 -0.846132 0.993918 -0.70894 0.11528 
0.11528 -0.70894 0.993918 -0.846132 0.329929 0.329929 -0.846132 0.993918 -0.70894 0.11528 
-0.339712 0.701579 0.945706 0.11528 -0.846132 -0.846132 0.11528 0.945706 0.701579 -0.339712 
0.546085 0.716223 0.85162 0.945706 0.993918 0.993918 0.945706 0.85162 0.716223 0.546085 
-0.72343 -0.694144 0.716223 0.701579 -0.70894 -0.70894 0.701579 0.716223 -0.694144 -0.72343 
0.862319 -0.72343 0.546085 -0.339712 0.11528 0.11528 -0.339712 0.546085 -0.72343 0.862319 
0.862319 -0.72343 0.546085 -0.339712 0.11528 0.11528 -0.339712 0.546085 -0.72343 0.862319 
-0.72343 -0.694144 0.716223 0.701579 -0.70894 -0.70894 0.701579 0.716223 -0.694144 -0.72343 
0.546085 0.716223 0.85162 0.945706 0.993918 0.993918 0.945706 0.85162 0.716223 0.546085 
-0.339712 0.701579 0.945706 0.11528 -0.846132 -0.846132 0.11528 0.945706 0.701579 -0.339712 
0.11528 -0.70894 0.993918 -0.846132 0.329929 0.329929 -0.846132 0.993918 -0.70894 0.11528 
0.11528 -0.70894 0.993918 -0.846132 0.329929 0.329929 -0.846132 0.993918 -0.70894 0.11528 
-0.339712 0.701579 0.945706 0.11528 -0.846132 -0.846132 0.11528 0.945706 0.701579 -0.339712 
0.546085 0.716223 0.85162 0.945706 0.993918 0.993918 0.945706 0.85162 0.716223 0.546085 
-0.72343 -0.694144 0.716223 0.701579 -0.70894 -0.70894 0.701579 0.716223 -0.694144 -0.72343 
0.862319 -0.72343 0.546085 -0.339712 0.11528 0.11528 -0.339712 0.546085 -0.72343 0.862319 
0.862319 -0.72343 0.546085 -0.339712 0.11528 0.11528 -0.339712 0.546085 -0.72343 0.862319 
-0.72343 -0.694144 0.716223 0.701579 -0.70894 -0.70894 0.701579 0.716223 -0.694144 -0.72343 
0.546085 0.716223 0.85162 0.945706 0.993918 0.993918 0.945706 0.85162 0.716223 0.546085 
-0.339712 0.701579 0.945706 0.11528 -0.846132 -0.846132 0.11528 0.945706 0.701579 -0.339712 
0.11528 -0.70894 0.993918 -0.846132 0.329929 0.329929 -0.846132 0.993918 -0.70894 0.11528 
0.11528 -0.70894 0.993918 -0.846132 0.329929 0.329929 -0.846132 0.993918 -0.70894 0.11528 
-0.339712 0.701579 0.945706 0.11528 -0.846132 -0.846132 0.11528 0.945706 0.701579 -0.339712 
0.546085 0.716223 0.85162 0.945706 0.993918 0.993918 0.945706 0.85162 0.716223 0.546085 
-0.72343 -0.694144 0.716223 0.701579 -0.70894 -0.70894 0.701579 0.716223 -0.694144 -0.72343 
0.862319 -0.72343 0.546085 -0.339712 0.11528 0.11528 -0.339712 0.546085 -0.72343 0.862319 
0.862319 -0.72343 0.546085 -0.339712 0.11528 0.11528 -0.339712 0.546085 -0.72343 0.862319 
-0.72343 -0.694144 0.716223 0.701579 -0.70894 -0.70894 0.701579 0.716223 -0.694144 -0.72343 
0.546085 0.716223 0.85162 0.945706 0.993918 0.993918 0.945706 0.85162 0.716223 0.546085 
-0.339712 0.701579 0.945706 0.11528 -0.846132 -0.846132 0.11528 0.945706 0.701579 -0.339712 
0.11528 -0.70894 0.993918 -0.846132 0.329929 0.329929 -0.846132 0.993918 -0.70894 0.11528 
0.11528 -0.70894 0.993918 -0.846132 0.329929 0.329929 -0.846132 0.993918 -0.70894 0.11528 
-0.339712 0.701579 0.945706 0.11528 -0.846132 -0.846132 0.11528 0.945706 0.701579 -0.339712 
0.546085 0.716223 0.85162 0.945706 0.993918 0.993918 0.945706 0.85162 0.716223 0.546085 
-0.72343 -0.694144 0.716223 0.701579 -0.70894 -0.70894 0.701579 0.716223 -0.694144 -0.72343 
0.862319 -0.72343 0.546085 -0.339712 0.11528 0.11528 -0.339712 0.546085 -0.72343 0.862319 
0.862319 -0.72343 0.546085 -0.339712 0.11528 0.11528 -0.339712 0.546085 -0.72343 0.862319 
-0.72343 -0.694144 0.716223 0.701579 -0.70894 -0.70894 0.701579 0.716223 -0.694144 -0.72343 
0.546085 0.716223 0.85162 0.945706 0.993918 0.993918 0.945706 0.85162 0.716223 0.546085 
-0.339712 0.701579 0.945706 0.11528 -0.846132 -0.846132 0.11528 0.945706 0.701579 -0.339712 
0.11528 -0.70894 0.993918 -0.846132 0.329929 0.329929 -0.846132 0.993918 -0.70894 0.11528 
0.11528 -0.70894 0.993918 -0.846132 0.329929 0.329929 -0.846132 0.993918 -0.70894 0.11528 
-0.339712 0.701579 0.945706 0.11528 -0.846132 -0.846132 0.11528 0.945706 0.701579 -0.339712 
0.546085 0.716223 0.85162 0.945706 0.993918 0.993918 0.945706 0.85162 0.716223 0.546085 
-0.72343 -0.694144 0.716223 0.701579 -0.70894 -0.70894 0.701579 0.716223 -0.694144 -0.72343 
0.862319 -0.72343 0.546085 -0.339712 0.11528 0.11528 -0.339712 0.546085 -0.72343 0.862319 
0.862319 -0.72343 0.546085 -0.339712 0.11528 0.11528 -0.339712 0.546085 -0.72343 0.862319 
-0.72343 -0.694144 0.716223 0.701579 -0.70894 -0.70894 0.701579 0.716223 -0.694144 -0.72343 
0.546085 0.716223 0.85162 0.945706 0.993918 0.993918 0.945706 0.85162 0.716223 0.546085 
-0.339712 0.701579 0.945706 0.11528 -0.846132 -0.846132 0.11528 0.945706 0.701579 -0.339712 
0.11528 -0.70894 0.993918 -0.846132 0.329929 0.329929 -0.846132 0.993918 -0.70894 0.11528 
0.11528 -0.70894 0.993918 -0.846132 0.329929 0.329929 -0.846132 0.993918 -0.70894 0.11528 
-0.339712 0.701579 0.945706 0.11528 -0.846132 -0.846132 0.11528 0.945706 0.701579 -0.339712 
0.546085 0.716223 0.85162 0.945706 0.993918 0.993918 0.945706 0.85162 0.716223 0.546085 
-0.72343 -0.694144 0.716223 0.701579 -0.70894 -0.70894 0.701579 0.716223 -0.694144 -0.72343 
0.862319 -0.72343 0.546085 -0.339712 0.11528 0.11528 -0.339712 0.546085 -0.72343 0.862319 
0.862319 -0.72343 0.546085 -0.339712 0.11528 0.11528 -0.339712 0.546085 -0.72343 0.862319 
-0.72343 -0.694144 0.716223 0.701579 -0.70894 -0.70894 0.701579 0.716223 -0.694144 -0.72343 
0.546085 0.716223 0.85162 0.945706 0.993918 0.993918 0.945706 0.85162 0.716223 0.546085 
-0.339712 0.701579 0.945706 0.11528 -0.846132 -0.846132 0.11528 0.945706 0.701579 -0.339712 
0.11528 -0.70894 0.993918 -0.846132 0.329929 0.329929 -0.846132 0.993918 -0.70894 0.11528 
0.11528 -0.70894 0.993918 -0.846132 0.329929 0.329929 -0.846132 0.993918 -0.70894 0.11528 
-0.339712 0.701579 0.945706 0.11528 -0.846132 -0.846132 0.11528 0.945706 0.701579 -0.339712 
0.546085 0.716223 0.85162 0.945706 0.993918 0.993918 0.945706 0.85162 0.716223 0.546085 
-0.72343 -0.694144 0.716223 0.701579 -0.70894 -0.70894 0.701579 0.716223 -0.694144 -0.72343 
0.862319 -0.72343 0.546085 -0.339712 0.11528 0.11528 -0.339712 0.546085 -0.72343 0.862319 
END
VARIABLE c
0.0497871 0.0739077 0.0993961 0.121103 0.133675 0.133675 0.121103 0.0993961 0.0739077 0.0497871 
0.0739077 0.109714 0.147551 0.179775 0.198437 0.198437 0.179775 0.147551 0.109714 0.0739077 
0.0993961 0.147551 0.198437 0.241774 0.266872 0.266872 0.241774 0.198437 0.147551 0.0993961 
0.121103 0.179775 0.241774 0.294575 0.325154 0.325154 0.294575 0.241774 0.179775 0.121103 
0.133675 0.198437 0.266872 0.325154 0.358907 0.358907 0.325154 0.266872 0.198437 0.133675 
0.133675 0.198437 0.266872 0.325154 0.358907 0.358907 0.325154 0.266872 0.198437 0.133675 
0.121103 0.179775 0.241774 0.294575 0.325154 0.325154 0.294575 0.241774 0.179775 0.121103 
0.0993961 0.147551 0.198437 0.241774 0.266872 0.266872 0.241774 0.198437 0.147551 0.0993961 
0.0739077 0.109714 0.147551 0.179775 0.198437 0.198437 0.179775 0.147551 0.109714 0.0739077 
0.0497871 0.0739077 0.0993961 0.121103 0.133675 0.133675 0.121103 0.0993961 0.0739077 0.0497871 
0.0739077 0.109714 0.147551 0.179775 0.198437 0.198437 0.179775 0.147551 0.109714 0.0739077 
0.109714 0.162868 0.219036 0.266872 0.294575 0.294575 0.266872 0.219036 0.162868 0.109714 
0.147551 0.219036 0.294575 0.358907 0.396164 0.396164 0.358907 0.294575 0.219036 0.147551 
0.179775 0.266872 0.358907 0.437289 0.482683 0.482683 0.437289 0.358907 0.266872 0.179775 
0.198437 0.294575 0.396164 0.482683 0.532789 0.532789 0.482683 0.396164 0.294575 0.198437 
0.198437 0.294575 0.396164 0.482683 0.532789 0.532789 0.482683 0.396164 0.294575 0.198437 
0.179775 0.266872 0.358907 0.437289 0.482683 0.482683 0.437289 0.358907 0.266872 0.179775 
0.147551 0.219036 0.294575 0.358907 0.396164 0.396164 0.358907 0.294575 0.219036 0.147551 
0.109714 0.162868 0.219036 0.266872 0.294575 0.294575 0.266872 0.219036 0.162868 0.109714 
0.0739077 0.109714 0.147551 0.179775 0.198437 0.198437 0.179775 0.147551 0.109714 0.0739077 
0.0993961 0.147551 0.198437 0.241774 0.266872 0.266872 0.241774 0.198437 0.147551 0.0993961 
0.147551 0.219036 0.294575 0.358907 0.396164 0.396164 0.358907 0.294575 0.219036 0.147551 
0.198437 0.294575 0.396164 0.482683 0.532789 0.532789 0.482683 0.396164 0.294575 0.198437 
0.241774 0.358907 0.482683 0.588097 0.649145 0.649145 0.588097 0.482683 0.358907 0.241774 
0.266872 0.396164 0.532789 0.649145 0.716531 0.716531 0.649145 0.532789 0.396164 0.266872 
0.266872 0.396164 0.532789 0.649145 0.716531 0.716531 0.649145 0.532789 0.396164 0.266872 
0.241774 0.358907 0.482683 0.588097 0.649145 0.649145 0.588097 0.482683 0.358907 0.241774 
0.198437 0.294575 0.396164 0.482683 0.532789 0.532789 0.482683 0.396164 0.294575 0.198437 
0.147551 0.219036 0.294575 0.358907 0.396164 0.396164 0.358907 0.294575 0.219036 0.147551 
0.0993961 0.147551 0.198437 0.241774 0.266872 0.266872 0.241774 0.198437 0.147551 0.0993961 
0.121103 0.179775 0.241774 0.294575 0.325154 0.325154 0.294575 0.241774 0.179775 0.121103 
0.179775 0.266872 0.358907 0.437289 0.482683 0.482683 0.437289 0.358907 0.266872 0.179775 
0.241774 0.358907 0.482683 0.588097 0.649145 0.649145 0.588097 0.482683 0.358907 0.241774 
0.294575 0.437289 0.588097 0.716531 0.790913 0.790913 0.716531 0.588097 0.437289 0.294575 
0.325154 0.482683 0.649145 0.790913 0.873015 0.873015 0.790913 0.649145 0.482683 0.325154 
0.325154 0.482683 0.649145 0.790913 0.873015 0.873015 0.790913 0.649145 0.482683 0.325154 
0.294575 0.437289 0.588097 0.716531 0.790913 0.790913 0.716531 0.588097 0.437289 0.294575 
0.241774 0.358907 0.482683 0.588097 0.649145 0.649145 0.588097 0.482683 0.358907 0.241774 
0.179775 0.266872 0.358907 0.437289 0.482683 0.482683 0.437289 0.358907 0.266872 0.179775 
0.121103 0.179775 0.241774 0.294575 0.325154 0.325154 0.294575 0.241774 0.179775 0.121103 
0.133675 0.198437 0.266872 0.325154 0.358907 0.358907 0.325154 0.266872 0.198437 0.133675 
0.198437 0.294575 0.396164 0.482683 0.532789 0.532789 0.482683 0.396164 0.294575 0.198437 
0.266872 0.396164 0.532789 0.649145 0.716531 0.716531 0.649145 0.532789 0.396164 0.266872 
0.325154 0.482683 0.649145 0.790913 0.873015 0.873015 0.790913 0.649145 0.482683 0.325154 
0.358907 0.532789 0.716531 0.873015 0.96364 0.96364 0.873015 0.716531 0.532789 0.358907 
0.358907 0.532789 0.716531 0.873015 0.96364 0.96364 0.873015 0.716531 0.532789 0.358907 
0.325154 0.482683 0.649145 0.790913 0.873015 0.873015 0.790913 0.649145 0.482683 0.325154 
0.266872 0.396164 0.532789 0.649145 0.716531 0.716531 0.649145 0.532789 0.396164 0.266872 
0.198437 0.294575 0.396164 0.482683 0.532789 0.532789 0.482683 0.396164 0.294575 0.198437 
0.133675 0.198437 0.266872 0.325154 0.358907 0.358907 0.325154 0.266872 0.198437 0.133675 
0.133675 0.198437 0.266872 0.325154 0.358907 0.358907 0.325154 0.266872 0.198437 0.133675 
0.198437 0.294575 0.396164 0.482683 0.532789 0.532789 0.482683 0.396164 0.294575 0.198437 
0.266872 0.396164 0.532789 0.649145 0.716531 0.716531 0.649145 0.532789 0.396164 0.266872 
0.325154 0.482683 0.649145 0.790913 0.873015 0.873015 0.790913 0.649145 0.482683 0.325154 
0.358907 0.532789 0.716531 0.873015 0.96364 0.96364 0.873015 0.716531 0.532789 0.358907 
0.358907 0.532789 0.716531 0.873015 0.96364 0.96364 0.873015 0.716531 0.532789 0.358907 
0.325154 0.482683 0.649145 0.790913 0.873015 0.873015 0.790913 0.649145 0.482683 0.325154 
0.266872 0.396164 0.532789 0.649145 0.716531 0.716531 0.649145 0.532789 0.396164 0.266872 
0.198437 0.294575 0.396164 0.482683 0.532789 0.532789 0.482683 0.396164 0.294575 0.198437 
0.133675 0.198437 0.266872 0.325154 0.358907 0.358907 0.325154 0.266872 0.198437 0.133675 
0.121103 0.179775 0.241774 0.294575 0.325154 0.325154 0.294575 0.241774 0.179775 0.121103 
0.179775 0.266872 0.358907 0.437289 0.482683 0.482683 0.437289 0.358907 0.266872 0.179775 
0.241774 0.358907 0.482683 0.588097 0.649145 0.649145 0.588097 0.482683 0.358907 0.241774 
0.294575 0.437289 0.588097 0.716531 0.790913 0.790913 0.716531 0.588097 0.437289 0.294575 
0.325154 0.482683 0.649145 0.790913 0.873015 0.873015 0.790913 0.649145 0.482683 0.325154 
0.325154 0.482683 0.649145 0.790913 0.873015 0.873015 0.790913 0.649145 0.482683 0.325154 
0.294575 0.437289 0.588097 0.716531 0.790913 0.790913 0.716531 0.588097 0.437289 0.294575 
0.241774 0.358907 0.482683 0.588097 0.649145 0.649145 0.588097 0.482683 0.358907 0.241774 
0.179775 0.266872 0.358907 0.437289 0.482683 0.482683 0.437289 0.358907 0.266872 0.179775 
0.121103 0.179775 0.241774 0.294575 0.325154 0.325154 0.294575 0.241774 0.179775 0.121103 
0.0993961 0.147551 0.198437 0.241774 0.266872 0.266872 0.241774 0.198437 0.147551 0.0993961 
0.147551 0.219036 0.294575 0.358907 0.396164 0.396164 0.358907 0.294575 0.219036 0.147551 
0.198437 0.294575 0.396164 0.482683 0.532789 0.532789 0.482683 0.396164 0.294575 0.198437 
0.241774 0.358907 0.482683 0.588097 0.649145 0.649145 0.588097 0.482683 0.358907 0.241774 
0.266872 0.396164 0.532789 0.649145 0.716531 0.716531 0.649145 0.532789 0.396164 0.266872 
0.266872 0.396164 0.532789 0.649145 0.716531 0.716531 0.649145 0.532789 0.396164 0.266872 
0.241774 0.358907 0.482683 0.588097 0.649145 0.649145 0.588097 0.482683 0.358907 0.241774 
0.198437 0.294575 0.396164 0.482683 0.532789 0.532789 0.482683 0.396164 0.294575 0.198437 
0.147551 0.219036 0.294575 0.358907 0.396164 0.396164 0.358907 0.294575 0.219036 0.147551 
0.0993961 0.147551 0.198437 0.241774 0.266872 0.266872 0.241774 0.198437 0.147551 0.0993961 
0.0739077 0.109714 0.147551 0.179775 0.198437 0.198437 0.179775 0.147551 0.109714 0.0739077 
0.109714 0.162868 0.219036 0.266872 0.294575 0.294575 0.266872 0.219036 0.162868 0.109714 
0.147551 0.219036 0.294575 0.358907 0.396164 0.396164 0.358907 0.294575 0.219036 0.147551 
0.179775 0.266872 0.358907 0.437289 0.482683 0.482683 0.437289 0.358907 0.266872 0.179775 
0.198437 0.294575 0.396164 0.482683 0.532789 0.532789 0.482683 0.396164 0.294575 0.198437 
0.198437 0.294575 0.396164 0.482683 0.532789 0.532789 0.482683 0.396164 0.294575 0.198437 
0.179775 0.266872 0.358907 0.437289 0.482683 0.482683 0.437289 0.358907 0.266872 0.179775 
0.147551 0.219036 0.294575 0.358907 0.396164 0.396164 0.358907 0.294575 0.219036 0.147551 
0.109714 0.162868 0.219036 0.266872 0.294575 0.294575 0.266872 0.219036 0.162868 0.109714 
0.0739077 0.109714 0.147551 0.179775 0.198437 0.198437 0.179775 0.147551 0.109714 0.0739077 
0.0497871 0.0739077 0.0993961 0.121103 0.133675 0.133675 0.121103 0.0993961 0.0739077 0.0497871 
0.0739077 0.109714 0.147551 0.179775 0.198437 0.198437 0.179775 0.147551 0.109714 0.0739077 
0.0993961 0.147551 0.198437 0.241774 0.266872 0.266872 0.241774 0.198437 0.147551 0.0993961 
0.121103 0.179775 0.241774 0.294575 0.325154 0.325154 0.294575 0.241774 0.179775 0.121103 
0.133675 0.198437 0.266872 0.325154 0.358907 0.358907 0.325154 0.266872 0.198437 0.133675 
0.133675 0.198437 0.266872 0.325154 0.358907 0.358907 0.325154 0.266872 0.198437 0.133675 
0.121103 0.179775 0.241774 0.294575 0.325154 0.325154 0.294575 0.241774 0.179775 0.121103 
0.0993961 0.147551 0.198437 0.241774 0.266872 0.266872 0.241774 0.198437 0.147551 0.0993961 
0.0739077 0.109714 0.147551 0.179775 0.198437 0.198437 0.179775 0.147551 0.109714 0.0739077 
0.0497871 0.0739077 0.0993961 0.121103 0.133675 0.133675 0.121103 0.0993961 0.0739077 0.0497871 
END
