DIMENSION y 100
-2.00000	-1.95960	-1.91919	-1.87879	-1.83838	-1.79798	-1.75758	-1.71717	-1.67677	-1.63636	-1.59596	-1.55556	-1.51515	-1.47475	-1.43434	-1.39394	-1.35354	-1.31313	-1.27273	-1.23232	-1.19192	-1.15152	-1.11111	-1.07071	-1.03030	-0.989899	-0.949495	-0.909091	-0.868687	-0.828283	-0.787879	-0.747475	-0.707071	-0.666667	-0.626263	-0.585859	-0.545455	-0.505051	-0.464646	-0.424242	-0.383838	-0.343434	-0.303030	-0.262626	-0.222222	-0.181818	-0.141414	-0.101010	-0.0606061	-0.0202020	0.0202020	0.0606061	0.101010	0.141414	0.181818	0.222222	0.262626	0.303030	0.343434	0.383838	0.424242	0.464646	0.505051	0.545455	0.585859	0.626263	0.666667	0.707071	0.747475	0.787879	0.828283	0.868687	0.909091	0.949495	0.989899	1.03030	1.07071	1.11111	1.15152	1.19192	1.23232	1.27273	1.31313	1.35354	1.39394	1.43434	1.47475	1.51515	1.55556	1.59596	1.63636	1.67677	1.71717	1.75758	1.79798	1.83838	1.87879	1.91919	1.95960	2.00000	
END
DIMENSION x 100
-2.00000	-1.95960	-1.91919	-1.87879	-1.83838	-1.79798	-1.75758	-1.71717	-1.67677	-1.63636	-1.59596	-1.55556	-1.51515	-1.47475	-1.43434	-1.39394	-1.35354	-1.31313	-1.27273	-1.23232	-1.19192	-1.15152	-1.11111	-1.07071	-1.03030	-0.989899	-0.949495	-0.909091	-0.868687	-0.828283	-0.787879	-0.747475	-0.707071	-0.666667	-0.626263	-0.585859	-0.545455	-0.505051	-0.464646	-0.424242	-0.383838	-0.343434	-0.303030	-0.262626	-0.222222	-0.181818	-0.141414	-0.101010	-0.0606061	-0.0202020	0.0202020	0.0606061	0.101010	0.141414	0.181818	0.222222	0.262626	0.303030	0.343434	0.383838	0.424242	0.464646	0.505051	0.545455	0.585859	0.626263	0.666667	0.707071	0.747475	0.787879	0.828283	0.868687	0.909091	0.949495	0.989899	1.03030	1.07071	1.11111	1.15152	1.19192	1.23232	1.27273	1.31313	1.35354	1.39394	1.43434	1.47475	1.51515	1.55556	1.59596	1.63636	1.67677	1.71717	1.75758	1.79798	1.83838	1.87879	1.91919	1.95960	2.00000	
END
VARIABLE z
0.000335463	0.000393663	0.000460454	0.000536822	0.000623816	0.000722545	0.000834171	0.000959903	0.00110099	0.00125869	0.00143429	0.00162906	0.00184425	0.00208106	0.00234062	0.00262397	0.00293204	0.00326559	0.00362524	0.00401138	0.00442418	0.00486355	0.00532913	0.00582024	0.00633589	0.00687475	0.00743512	0.00801495	0.00861184	0.00922302	0.00984538	0.0104755	0.0111096	0.0117436	0.0123734	0.0129945	0.0136022	0.0141920	0.0147591	0.0152988	0.0158065	0.0162779	0.0167087	0.0170949	0.0174331	0.0177201	0.0179530	0.0181297	0.0182485	0.0183082	0.0183082	0.0182485	0.0181297	0.0179530	0.0177201	0.0174331	0.0170949	0.0167087	0.0162779	0.0158065	0.0152988	0.0147591	0.0141920	0.0136022	0.0129945	0.0123734	0.0117436	0.0111096	0.0104755	0.00984538	0.00922302	0.00861184	0.00801495	0.00743512	0.00687475	0.00633589	0.00582024	0.00532913	0.00486355	0.00442418	0.00401138	0.00362524	0.00326559	0.00293204	0.00262397	0.00234062	0.00208106	0.00184425	0.00162906	0.00143429	0.00125869	0.00110099	0.000959903	0.000834171	0.000722545	0.000623816	0.000536822	0.000460454	0.000393663	0.000335463	
0.000393663	0.000461960	0.000540339	0.000629956	0.000732043	0.000847900	0.000978892	0.00112644	0.00129200	0.00147706	0.00168312	0.00191169	0.00216421	0.00244210	0.00274669	0.00307921	0.00344072	0.00383215	0.00425419	0.00470732	0.00519173	0.00570733	0.00625369	0.00683000	0.00743512	0.00806746	0.00872505	0.00940548	0.0101059	0.0108231	0.0115535	0.0122929	0.0130370	0.0137811	0.0145201	0.0152489	0.0159621	0.0166542	0.0173197	0.0179530	0.0185488	0.0191020	0.0196075	0.0200608	0.0204576	0.0207943	0.0210677	0.0212751	0.0214144	0.0214845	0.0214845	0.0214144	0.0212751	0.0210677	0.0207943	0.0204576	0.0200608	0.0196075	0.0191020	0.0185488	0.0179530	0.0173197	0.0166542	0.0159621	0.0152489	0.0145201	0.0137811	0.0130370	0.0122929	0.0115535	0.0108231	0.0101059	0.00940548	0.00872505	0.00806746	0.00743512	0.00683000	0.00625369	0.00570733	0.00519173	0.00470732	0.00425419	0.00383215	0.00344072	0.00307921	0.00274669	0.00244210	0.00216421	0.00191169	0.00168312	0.00147706	0.00129200	0.00112644	0.000978892	0.000847900	0.000732043	0.000629956	0.000540339	0.000461960	0.000393663	
0.000460454	0.000540339	0.000632016	0.000736839	0.000856246	0.000991760	0.00114498	0.00131756	0.00151121	0.00172767	0.00196869	0.00223604	0.00253140	0.00285644	0.00321272	0.00360164	0.00402450	0.00448233	0.00497598	0.00550599	0.00607260	0.00667568	0.00731473	0.00798883	0.00869661	0.00943624	0.0102054	0.0110013	0.0118206	0.0126595	0.0135137	0.0143786	0.0152489	0.0161192	0.0169837	0.0178362	0.0186704	0.0194799	0.0202582	0.0209990	0.0216960	0.0223429	0.0229342	0.0234644	0.0239286	0.0243225	0.0246422	0.0248847	0.0250478	0.0251297	0.0251297	0.0250478	0.0248847	0.0246422	0.0243225	0.0239286	0.0234644	0.0229342	0.0223429	0.0216960	0.0209990	0.0202582	0.0194799	0.0186704	0.0178362	0.0169837	0.0161192	0.0152489	0.0143786	0.0135137	0.0126595	0.0118206	0.0110013	0.0102054	0.00943624	0.00869661	0.00798883	0.00731473	0.00667568	0.00607260	0.00550599	0.00497598	0.00448233	0.00402450	0.00360164	0.00321272	0.00285644	0.00253140	0.00223604	0.00196869	0.00172767	0.00151121	0.00131756	0.00114498	0.000991760	0.000856246	0.000736839	0.000632016	0.000540339	0.000460454	
0.000536822	0.000629956	0.000736839	0.000859046	0.000998258	0.00115625	0.00133488	0.00153608	0.00176184	0.00201421	0.00229521	0.00260689	0.00295125	0.00333020	0.00374556	0.00419899	0.00469197	0.00522575	0.00580127	0.00641918	0.00707976	0.00778286	0.00852790	0.00931381	0.0101390	0.0110013	0.0118980	0.0128259	0.0137811	0.0147591	0.0157550	0.0167633	0.0177780	0.0187927	0.0198005	0.0207943	0.0217669	0.0227107	0.0236181	0.0244818	0.0252943	0.0260486	0.0267380	0.0273561	0.0278973	0.0283564	0.0287292	0.0290120	0.0292020	0.0292975	0.0292975	0.0292020	0.0290120	0.0287292	0.0283564	0.0278973	0.0273561	0.0267380	0.0260486	0.0252943	0.0244818	0.0236181	0.0227107	0.0217669	0.0207943	0.0198005	0.0187927	0.0177780	0.0167633	0.0157550	0.0147591	0.0137811	0.0128259	0.0118980	0.0110013	0.0101390	0.00931381	0.00852790	0.00778286	0.00707976	0.00641918	0.00580127	0.00522575	0.00469197	0.00419899	0.00374556	0.00333020	0.00295125	0.00260689	0.00229521	0.00201421	0.00176184	0.00153608	0.00133488	0.00115625	0.000998258	0.000859046	0.000736839	0.000629956	0.000536822	
0.000623816	0.000732043	0.000856246	0.000998258	0.00116003	0.00134362	0.00155120	0.00178501	0.00204736	0.00234062	0.00266716	0.00302935	0.00342951	0.00386987	0.00435254	0.00487945	0.00545233	0.00607260	0.00674139	0.00745943	0.00822706	0.00904410	0.00990988	0.0108231	0.0117820	0.0127841	0.0138261	0.0149044	0.0160143	0.0171508	0.0183082	0.0194799	0.0206590	0.0218381	0.0230092	0.0241641	0.0252943	0.0263910	0.0274455	0.0284492	0.0293933	0.0302699	0.0310709	0.0317892	0.0324181	0.0329517	0.0333848	0.0337135	0.0339343	0.0340453	0.0340453	0.0339343	0.0337135	0.0333848	0.0329517	0.0324181	0.0317892	0.0310709	0.0302699	0.0293933	0.0284492	0.0274455	0.0263910	0.0252943	0.0241641	0.0230092	0.0218381	0.0206590	0.0194799	0.0183082	0.0171508	0.0160143	0.0149044	0.0138261	0.0127841	0.0117820	0.0108231	0.00990988	0.00904410	0.00822706	0.00745943	0.00674139	0.00607260	0.00545233	0.00487945	0.00435254	0.00386987	0.00342951	0.00302935	0.00266716	0.00234062	0.00204736	0.00178501	0.00155120	0.00134362	0.00116003	0.000998258	0.000856246	0.000732043	0.000623816	
0.000722545	0.000847900	0.000991760	0.00115625	0.00134362	0.00155627	0.00179670	0.00206751	0.00237138	0.00271106	0.00308928	0.00350879	0.00397228	0.00448233	0.00504140	0.00565170	0.00631524	0.00703368	0.00780832	0.00864001	0.00952912	0.0104755	0.0114783	0.0125361	0.0136467	0.0148074	0.0160143	0.0172632	0.0185488	0.0198652	0.0212057	0.0225629	0.0239286	0.0252943	0.0266508	0.0279885	0.0292975	0.0305678	0.0317892	0.0329517	0.0340453	0.0350606	0.0359884	0.0368204	0.0375488	0.0381668	0.0386685	0.0390491	0.0393050	0.0394335	0.0394335	0.0393050	0.0390491	0.0386685	0.0381668	0.0375488	0.0368204	0.0359884	0.0350606	0.0340453	0.0329517	0.0317892	0.0305678	0.0292975	0.0279885	0.0266508	0.0252943	0.0239286	0.0225629	0.0212057	0.0198652	0.0185488	0.0172632	0.0160143	0.0148074	0.0136467	0.0125361	0.0114783	0.0104755	0.00952912	0.00864001	0.00780832	0.00703368	0.00631524	0.00565170	0.00504140	0.00448233	0.00397228	0.00350879	0.00308928	0.00271106	0.00237138	0.00206751	0.00179670	0.00155627	0.00134362	0.00115625	0.000991760	0.000847900	0.000722545	
0.000834171	0.000978892	0.00114498	0.00133488	0.00155120	0.00179670	0.00207427	0.00238692	0.00273774	0.00312989	0.00356654	0.00405086	0.00458596	0.00517481	0.00582024	0.00652484	0.00729088	0.00812031	0.00901462	0.00997480	0.0110013	0.0120938	0.0132516	0.0144728	0.0157550	0.0170949	0.0184884	0.0199302	0.0214144	0.0229342	0.0244818	0.0260486	0.0276253	0.0292020	0.0307681	0.0323124	0.0338237	0.0352903	0.0367004	0.0380424	0.0393050	0.0404771	0.0415482	0.0425088	0.0433497	0.0440632	0.0446424	0.0450818	0.0453772	0.0455256	0.0455256	0.0453772	0.0450818	0.0446424	0.0440632	0.0433497	0.0425088	0.0415482	0.0404771	0.0393050	0.0380424	0.0367004	0.0352903	0.0338237	0.0323124	0.0307681	0.0292020	0.0276253	0.0260486	0.0244818	0.0229342	0.0214144	0.0199302	0.0184884	0.0170949	0.0157550	0.0144728	0.0132516	0.0120938	0.0110013	0.00997480	0.00901462	0.00812031	0.00729088	0.00652484	0.00582024	0.00517481	0.00458596	0.00405086	0.00356654	0.00312989	0.00273774	0.00238692	0.00207427	0.00179670	0.00155120	0.00133488	0.00114498	0.000978892	0.000834171	
0.000959903	0.00112644	0.00131756	0.00153608	0.00178501	0.00206751	0.00238692	0.00274669	0.00315039	0.00360164	0.00410411	0.00466144	0.00527718	0.00595479	0.00669751	0.00750830	0.00838982	0.00934426	0.0103734	0.0114783	0.0126595	0.0139167	0.0152489	0.0166542	0.0181297	0.0196716	0.0212751	0.0229342	0.0246422	0.0263910	0.0281719	0.0299748	0.0317892	0.0336036	0.0354057	0.0371828	0.0389219	0.0406094	0.0422321	0.0437764	0.0452293	0.0465781	0.0478107	0.0489160	0.0498837	0.0507047	0.0513712	0.0518769	0.0522168	0.0523875	0.0523875	0.0522168	0.0518769	0.0513712	0.0507047	0.0498837	0.0489160	0.0478107	0.0465781	0.0452293	0.0437764	0.0422321	0.0406094	0.0389219	0.0371828	0.0354057	0.0336036	0.0317892	0.0299748	0.0281719	0.0263910	0.0246422	0.0229342	0.0212751	0.0196716	0.0181297	0.0166542	0.0152489	0.0139167	0.0126595	0.0114783	0.0103734	0.00934426	0.00838982	0.00750830	0.00669751	0.00595479	0.00527718	0.00466144	0.00410411	0.00360164	0.00315039	0.00274669	0.00238692	0.00206751	0.00178501	0.00153608	0.00131756	0.00112644	0.000959903	
0.00110099	0.00129200	0.00151121	0.00176184	0.00204736	0.00237138	0.00273774	0.00315039	0.00361342	0.00413100	0.00470732	0.00534655	0.00605280	0.00683000	0.00768188	0.00861184	0.00962292	0.0107176	0.0118980	0.0131653	0.0145201	0.0159621	0.0174901	0.0191020	0.0207943	0.0225629	0.0244020	0.0263050	0.0282640	0.0302699	0.0323124	0.0343804	0.0364615	0.0385425	0.0406094	0.0426478	0.0446424	0.0465781	0.0484392	0.0502105	0.0518769	0.0534239	0.0548377	0.0561054	0.0572154	0.0581571	0.0589216	0.0595016	0.0598914	0.0600872	0.0600872	0.0598914	0.0595016	0.0589216	0.0581571	0.0572154	0.0561054	0.0548377	0.0534239	0.0518769	0.0502105	0.0484392	0.0465781	0.0446424	0.0426478	0.0406094	0.0385425	0.0364615	0.0343804	0.0323124	0.0302699	0.0282640	0.0263050	0.0244020	0.0225629	0.0207943	0.0191020	0.0174901	0.0159621	0.0145201	0.0131653	0.0118980	0.0107176	0.00962292	0.00861184	0.00768188	0.00683000	0.00605280	0.00534655	0.00470732	0.00413100	0.00361342	0.00315039	0.00273774	0.00237138	0.00204736	0.00176184	0.00151121	0.00129200	0.00110099	
0.00125869	0.00147706	0.00172767	0.00201421	0.00234062	0.00271106	0.00312989	0.00360164	0.00413100	0.00472271	0.00538158	0.00611238	0.00691979	0.00780832	0.00878221	0.00984538	0.0110013	0.0122528	0.0136022	0.0150511	0.0165999	0.0182485	0.0199954	0.0218381	0.0237729	0.0257947	0.0278973	0.0300729	0.0323124	0.0346056	0.0369408	0.0393050	0.0416841	0.0440632	0.0464262	0.0487565	0.0510369	0.0532498	0.0553775	0.0574025	0.0593076	0.0610762	0.0626925	0.0641418	0.0654107	0.0664873	0.0673613	0.0680244	0.0684700	0.0686940	0.0686940	0.0684700	0.0680244	0.0673613	0.0664873	0.0654107	0.0641418	0.0626925	0.0610762	0.0593076	0.0574025	0.0553775	0.0532498	0.0510369	0.0487565	0.0464262	0.0440632	0.0416841	0.0393050	0.0369408	0.0346056	0.0323124	0.0300729	0.0278973	0.0257947	0.0237729	0.0218381	0.0199954	0.0182485	0.0165999	0.0150511	0.0136022	0.0122528	0.0110013	0.00984538	0.00878221	0.00780832	0.00691979	0.00611238	0.00538158	0.00472271	0.00413100	0.00360164	0.00312989	0.00271106	0.00234062	0.00201421	0.00172767	0.00147706	0.00125869	
0.00143429	0.00168312	0.00196869	0.00229521	0.00266716	0.00308928	0.00356654	0.00410411	0.00470732	0.00538158	0.00613237	0.00696512	0.00788517	0.00889766	0.0100074	0.0112189	0.0125361	0.0139622	0.0154999	0.0171508	0.0189158	0.0207943	0.0227850	0.0248847	0.0270894	0.0293933	0.0317892	0.0342683	0.0368204	0.0394335	0.0420944	0.0447884	0.0474995	0.0502105	0.0529032	0.0555586	0.0581571	0.0606787	0.0631032	0.0654107	0.0675816	0.0695970	0.0714388	0.0730903	0.0745362	0.0757630	0.0767590	0.0775145	0.0780223	0.0782775	0.0782775	0.0780223	0.0775145	0.0767590	0.0757630	0.0745362	0.0730903	0.0714388	0.0695970	0.0675816	0.0654107	0.0631032	0.0606787	0.0581571	0.0555586	0.0529032	0.0502105	0.0474995	0.0447884	0.0420944	0.0394335	0.0368204	0.0342683	0.0317892	0.0293933	0.0270894	0.0248847	0.0227850	0.0207943	0.0189158	0.0171508	0.0154999	0.0139622	0.0125361	0.0112189	0.0100074	0.00889766	0.00788517	0.00696512	0.00613237	0.00538158	0.00470732	0.00410411	0.00356654	0.00308928	0.00266716	0.00229521	0.00196869	0.00168312	0.00143429	
0.00162906	0.00191169	0.00223604	0.00260689	0.00302935	0.00350879	0.00405086	0.00466144	0.00534655	0.00611238	0.00696512	0.00791096	0.00895595	0.0101059	0.0113664	0.0127424	0.0142384	0.0158582	0.0176047	0.0194799	0.0214845	0.0236181	0.0258791	0.0282640	0.0307681	0.0333848	0.0361061	0.0389219	0.0418204	0.0447884	0.0478107	0.0508705	0.0539498	0.0570289	0.0600872	0.0631032	0.0660546	0.0689186	0.0716724	0.0742933	0.0767590	0.0790480	0.0811399	0.0830157	0.0846580	0.0860514	0.0871826	0.0880407	0.0886175	0.0889073	0.0889073	0.0886175	0.0880407	0.0871826	0.0860514	0.0846580	0.0830157	0.0811399	0.0790480	0.0767590	0.0742933	0.0716724	0.0689186	0.0660546	0.0631032	0.0600872	0.0570289	0.0539498	0.0508705	0.0478107	0.0447884	0.0418204	0.0389219	0.0361061	0.0333848	0.0307681	0.0282640	0.0258791	0.0236181	0.0214845	0.0194799	0.0176047	0.0158582	0.0142384	0.0127424	0.0113664	0.0101059	0.00895595	0.00791096	0.00696512	0.00611238	0.00534655	0.00466144	0.00405086	0.00350879	0.00302935	0.00260689	0.00223604	0.00191169	0.00162906	
0.00184425	0.00216421	0.00253140	0.00295125	0.00342951	0.00397228	0.00458596	0.00527718	0.00605280	0.00691979	0.00788517	0.00895595	0.0101390	0.0114409	0.0128678	0.0144256	0.0161192	0.0179530	0.0199302	0.0220530	0.0243225	0.0267380	0.0292975	0.0319975	0.0348324	0.0377948	0.0408755	0.0440632	0.0473447	0.0507047	0.0541262	0.0575902	0.0610762	0.0645620	0.0680244	0.0714388	0.0747800	0.0780223	0.0811399	0.0841070	0.0868984	0.0894897	0.0918580	0.0939816	0.0958408	0.0974182	0.0986988	0.0996703	0.100323	0.100651	0.100651	0.100323	0.0996703	0.0986988	0.0974182	0.0958408	0.0939816	0.0918580	0.0894897	0.0868984	0.0841070	0.0811399	0.0780223	0.0747800	0.0714388	0.0680244	0.0645620	0.0610762	0.0575902	0.0541262	0.0507047	0.0473447	0.0440632	0.0408755	0.0377948	0.0348324	0.0319975	0.0292975	0.0267380	0.0243225	0.0220530	0.0199302	0.0179530	0.0161192	0.0144256	0.0128678	0.0114409	0.0101390	0.00895595	0.00788517	0.00691979	0.00605280	0.00527718	0.00458596	0.00397228	0.00342951	0.00295125	0.00253140	0.00216421	0.00184425	
0.00208106	0.00244210	0.00285644	0.00333020	0.00386987	0.00448233	0.00517481	0.00595479	0.00683000	0.00780832	0.00889766	0.0101059	0.0114409	0.0129099	0.0145201	0.0162779	0.0181890	0.0202582	0.0224893	0.0248847	0.0274455	0.0301712	0.0330594	0.0361061	0.0393050	0.0426478	0.0461240	0.0497211	0.0534239	0.0572154	0.0610762	0.0649850	0.0689186	0.0728521	0.0767590	0.0806118	0.0843820	0.0880407	0.0915586	0.0949066	0.0980564	0.100981	0.103653	0.106049	0.108147	0.109927	0.111372	0.112468	0.113205	0.113575	0.113575	0.113205	0.112468	0.111372	0.109927	0.108147	0.106049	0.103653	0.100981	0.0980564	0.0949066	0.0915586	0.0880407	0.0843820	0.0806118	0.0767590	0.0728521	0.0689186	0.0649850	0.0610762	0.0572154	0.0534239	0.0497211	0.0461240	0.0426478	0.0393050	0.0361061	0.0330594	0.0301712	0.0274455	0.0248847	0.0224893	0.0202582	0.0181890	0.0162779	0.0145201	0.0129099	0.0114409	0.0101059	0.00889766	0.00780832	0.00683000	0.00595479	0.00517481	0.00448233	0.00386987	0.00333020	0.00285644	0.00244210	0.00208106	
0.00234062	0.00274669	0.00321272	0.00374556	0.00435254	0.00504140	0.00582024	0.00669751	0.00768188	0.00878221	0.0100074	0.0113664	0.0128678	0.0145201	0.0163311	0.0183082	0.0204576	0.0227850	0.0252943	0.0279885	0.0308687	0.0339343	0.0371828	0.0406094	0.0442073	0.0479670	0.0518769	0.0559226	0.0600872	0.0643516	0.0686940	0.0730903	0.0775145	0.0819386	0.0863328	0.0906661	0.0949066	0.0990216	0.102978	0.106744	0.110287	0.113575	0.116581	0.119276	0.121636	0.123638	0.125263	0.126496	0.127325	0.127741	0.127741	0.127325	0.126496	0.125263	0.123638	0.121636	0.119276	0.116581	0.113575	0.110287	0.106744	0.102978	0.0990216	0.0949066	0.0906661	0.0863328	0.0819386	0.0775145	0.0730903	0.0686940	0.0643516	0.0600872	0.0559226	0.0518769	0.0479670	0.0442073	0.0406094	0.0371828	0.0339343	0.0308687	0.0279885	0.0252943	0.0227850	0.0204576	0.0183082	0.0163311	0.0145201	0.0128678	0.0113664	0.0100074	0.00878221	0.00768188	0.00669751	0.00582024	0.00504140	0.00435254	0.00374556	0.00321272	0.00274669	0.00234062	
0.00262397	0.00307921	0.00360164	0.00419899	0.00487945	0.00565170	0.00652484	0.00750830	0.00861184	0.00984538	0.0112189	0.0127424	0.0144256	0.0162779	0.0183082	0.0205245	0.0229342	0.0255433	0.0283564	0.0313768	0.0346056	0.0380424	0.0416841	0.0455256	0.0495590	0.0537739	0.0581571	0.0626925	0.0673613	0.0721420	0.0770100	0.0819386	0.0868984	0.0918580	0.0967842	0.101642	0.106396	0.111009	0.115445	0.119666	0.123638	0.127325	0.130694	0.133716	0.136361	0.138605	0.140427	0.141810	0.142739	0.143205	0.143205	0.142739	0.141810	0.140427	0.138605	0.136361	0.133716	0.130694	0.127325	0.123638	0.119666	0.115445	0.111009	0.106396	0.101642	0.0967842	0.0918580	0.0868984	0.0819386	0.0770100	0.0721420	0.0673613	0.0626925	0.0581571	0.0537739	0.0495590	0.0455256	0.0416841	0.0380424	0.0346056	0.0313768	0.0283564	0.0255433	0.0229342	0.0205245	0.0183082	0.0162779	0.0144256	0.0127424	0.0112189	0.00984538	0.00861184	0.00750830	0.00652484	0.00565170	0.00487945	0.00419899	0.00360164	0.00307921	0.00262397	
0.00293204	0.00344072	0.00402450	0.00469197	0.00545233	0.00631524	0.00729088	0.00838982	0.00962292	0.0110013	0.0125361	0.0142384	0.0161192	0.0181890	0.0204576	0.0229342	0.0256268	0.0285422	0.0316856	0.0350606	0.0386685	0.0425088	0.0465781	0.0508705	0.0553775	0.0600872	0.0649850	0.0700529	0.0752699	0.0806118	0.0860514	0.0915586	0.0971007	0.102643	0.108147	0.113575	0.118887	0.124042	0.128999	0.133716	0.138154	0.142273	0.146038	0.149415	0.152370	0.154878	0.156914	0.158459	0.159497	0.160018	0.160018	0.159497	0.158459	0.156914	0.154878	0.152370	0.149415	0.146038	0.142273	0.138154	0.133716	0.128999	0.124042	0.118887	0.113575	0.108147	0.102643	0.0971007	0.0915586	0.0860514	0.0806118	0.0752699	0.0700529	0.0649850	0.0600872	0.0553775	0.0508705	0.0465781	0.0425088	0.0386685	0.0350606	0.0316856	0.0285422	0.0256268	0.0229342	0.0204576	0.0181890	0.0161192	0.0142384	0.0125361	0.0110013	0.00962292	0.00838982	0.00729088	0.00631524	0.00545233	0.00469197	0.00402450	0.00344072	0.00293204	
0.00326559	0.00383215	0.00448233	0.00522575	0.00607260	0.00703368	0.00812031	0.00934426	0.0107176	0.0122528	0.0139622	0.0158582	0.0179530	0.0202582	0.0227850	0.0255433	0.0285422	0.0317892	0.0352903	0.0390491	0.0430676	0.0473447	0.0518769	0.0566577	0.0616774	0.0669229	0.0723779	0.0780223	0.0838328	0.0897824	0.0958408	0.101975	0.108147	0.114319	0.120450	0.126496	0.132412	0.138154	0.143674	0.148928	0.153870	0.158459	0.162652	0.166412	0.169705	0.172498	0.174765	0.176485	0.177642	0.178223	0.178223	0.177642	0.176485	0.174765	0.172498	0.169705	0.166412	0.162652	0.158459	0.153870	0.148928	0.143674	0.138154	0.132412	0.126496	0.120450	0.114319	0.108147	0.101975	0.0958408	0.0897824	0.0838328	0.0780223	0.0723779	0.0669229	0.0616774	0.0566577	0.0518769	0.0473447	0.0430676	0.0390491	0.0352903	0.0317892	0.0285422	0.0255433	0.0227850	0.0202582	0.0179530	0.0158582	0.0139622	0.0122528	0.0107176	0.00934426	0.00812031	0.00703368	0.00607260	0.00522575	0.00448233	0.00383215	0.00326559	
0.00362524	0.00425419	0.00497598	0.00580127	0.00674139	0.00780832	0.00901462	0.0103734	0.0118980	0.0136022	0.0154999	0.0176047	0.0199302	0.0224893	0.0252943	0.0283564	0.0316856	0.0352903	0.0391768	0.0433497	0.0478107	0.0525588	0.0575902	0.0628975	0.0684700	0.0742933	0.0803490	0.0866151	0.0930655	0.0996703	0.106396	0.113205	0.120058	0.126910	0.133716	0.140427	0.146995	0.153369	0.159497	0.165329	0.170816	0.175910	0.180565	0.184740	0.188394	0.191495	0.194013	0.195922	0.197206	0.197851	0.197851	0.197206	0.195922	0.194013	0.191495	0.188394	0.184740	0.180565	0.175910	0.170816	0.165329	0.159497	0.153369	0.146995	0.140427	0.133716	0.126910	0.120058	0.113205	0.106396	0.0996703	0.0930655	0.0866151	0.0803490	0.0742933	0.0684700	0.0628975	0.0575902	0.0525588	0.0478107	0.0433497	0.0391768	0.0352903	0.0316856	0.0283564	0.0252943	0.0224893	0.0199302	0.0176047	0.0154999	0.0136022	0.0118980	0.0103734	0.00901462	0.00780832	0.00674139	0.00580127	0.00497598	0.00425419	0.00362524	
0.00401138	0.00470732	0.00550599	0.00641918	0.00745943	0.00864001	0.00997480	0.0114783	0.0131653	0.0150511	0.0171508	0.0194799	0.0220530	0.0248847	0.0279885	0.0313768	0.0350606	0.0390491	0.0433497	0.0479670	0.0529032	0.0581571	0.0637244	0.0695970	0.0757630	0.0822065	0.0889073	0.0958408	0.102978	0.110287	0.117729	0.125263	0.132845	0.140427	0.147958	0.155385	0.162652	0.169705	0.176485	0.182939	0.189011	0.194647	0.199798	0.204417	0.208461	0.211892	0.214677	0.216791	0.218211	0.218924	0.218924	0.218211	0.216791	0.214677	0.211892	0.208461	0.204417	0.199798	0.194647	0.189011	0.182939	0.176485	0.169705	0.162652	0.155385	0.147958	0.140427	0.132845	0.125263	0.117729	0.110287	0.102978	0.0958408	0.0889073	0.0822065	0.0757630	0.0695970	0.0637244	0.0581571	0.0529032	0.0479670	0.0433497	0.0390491	0.0350606	0.0313768	0.0279885	0.0248847	0.0220530	0.0194799	0.0171508	0.0150511	0.0131653	0.0114783	0.00997480	0.00864001	0.00745943	0.00641918	0.00550599	0.00470732	0.00401138	
0.00442418	0.00519173	0.00607260	0.00707976	0.00822706	0.00952912	0.0110013	0.0126595	0.0145201	0.0165999	0.0189158	0.0214845	0.0243225	0.0274455	0.0308687	0.0346056	0.0386685	0.0430676	0.0478107	0.0529032	0.0583473	0.0641418	0.0702820	0.0767590	0.0835596	0.0906661	0.0980564	0.105703	0.113575	0.121636	0.129844	0.138154	0.146516	0.154878	0.163184	0.171375	0.179390	0.187168	0.194647	0.201765	0.208461	0.214677	0.220359	0.225453	0.229913	0.233697	0.236769	0.239100	0.240666	0.241453	0.241453	0.240666	0.239100	0.236769	0.233697	0.229913	0.225453	0.220359	0.214677	0.208461	0.201765	0.194647	0.187168	0.179390	0.171375	0.163184	0.154878	0.146516	0.138154	0.129844	0.121636	0.113575	0.105703	0.0980564	0.0906661	0.0835596	0.0767590	0.0702820	0.0641418	0.0583473	0.0529032	0.0478107	0.0430676	0.0386685	0.0346056	0.0308687	0.0274455	0.0243225	0.0214845	0.0189158	0.0165999	0.0145201	0.0126595	0.0110013	0.00952912	0.00822706	0.00707976	0.00607260	0.00519173	0.00442418	
0.00486355	0.00570733	0.00667568	0.00778286	0.00904410	0.0104755	0.0120938	0.0139167	0.0159621	0.0182485	0.0207943	0.0236181	0.0267380	0.0301712	0.0339343	0.0380424	0.0425088	0.0473447	0.0525588	0.0581571	0.0641418	0.0705119	0.0772618	0.0843820	0.0918580	0.0996703	0.107795	0.116201	0.124855	0.133716	0.142739	0.151874	0.161067	0.170259	0.179390	0.188394	0.197206	0.205756	0.213978	0.221802	0.229164	0.235997	0.242243	0.247843	0.252746	0.256906	0.260283	0.262845	0.264567	0.265432	0.265432	0.264567	0.262845	0.260283	0.256906	0.252746	0.247843	0.242243	0.235997	0.229164	0.221802	0.213978	0.205756	0.197206	0.188394	0.179390	0.170259	0.161067	0.151874	0.142739	0.133716	0.124855	0.116201	0.107795	0.0996703	0.0918580	0.0843820	0.0772618	0.0705119	0.0641418	0.0581571	0.0525588	0.0473447	0.0425088	0.0380424	0.0339343	0.0301712	0.0267380	0.0236181	0.0207943	0.0182485	0.0159621	0.0139167	0.0120938	0.0104755	0.00904410	0.00778286	0.00667568	0.00570733	0.00486355	
0.00532913	0.00625369	0.00731473	0.00852790	0.00990988	0.0114783	0.0132516	0.0152489	0.0174901	0.0199954	0.0227850	0.0258791	0.0292975	0.0330594	0.0371828	0.0416841	0.0465781	0.0518769	0.0575902	0.0637244	0.0702820	0.0772618	0.0846580	0.0924598	0.100651	0.109212	0.118114	0.127325	0.136807	0.146516	0.156403	0.166412	0.176485	0.186558	0.196563	0.206429	0.216084	0.225453	0.234461	0.243035	0.251101	0.258589	0.265432	0.271569	0.276941	0.281499	0.285200	0.288007	0.289894	0.290842	0.290842	0.289894	0.288007	0.285200	0.281499	0.276941	0.271569	0.265432	0.258589	0.251101	0.243035	0.234461	0.225453	0.216084	0.206429	0.196563	0.186558	0.176485	0.166412	0.156403	0.146516	0.136807	0.127325	0.118114	0.109212	0.100651	0.0924598	0.0846580	0.0772618	0.0702820	0.0637244	0.0575902	0.0518769	0.0465781	0.0416841	0.0371828	0.0330594	0.0292975	0.0258791	0.0227850	0.0199954	0.0174901	0.0152489	0.0132516	0.0114783	0.00990988	0.00852790	0.00731473	0.00625369	0.00532913	
0.00582024	0.00683000	0.00798883	0.00931381	0.0108231	0.0125361	0.0144728	0.0166542	0.0191020	0.0218381	0.0248847	0.0282640	0.0319975	0.0361061	0.0406094	0.0455256	0.0508705	0.0566577	0.0628975	0.0695970	0.0767590	0.0843820	0.0924598	0.100981	0.109927	0.119276	0.128999	0.139059	0.149415	0.160018	0.170816	0.181748	0.192750	0.203751	0.214677	0.225453	0.235997	0.246230	0.256069	0.265432	0.274242	0.282420	0.289894	0.296595	0.302463	0.307441	0.311483	0.314549	0.316609	0.317645	0.317645	0.316609	0.314549	0.311483	0.307441	0.302463	0.296595	0.289894	0.282420	0.274242	0.265432	0.256069	0.246230	0.235997	0.225453	0.214677	0.203751	0.192750	0.181748	0.170816	0.160018	0.149415	0.139059	0.128999	0.119276	0.109927	0.100981	0.0924598	0.0843820	0.0767590	0.0695970	0.0628975	0.0566577	0.0508705	0.0455256	0.0406094	0.0361061	0.0319975	0.0282640	0.0248847	0.0218381	0.0191020	0.0166542	0.0144728	0.0125361	0.0108231	0.00931381	0.00798883	0.00683000	0.00582024	
0.00633589	0.00743512	0.00869661	0.0101390	0.0117820	0.0136467	0.0157550	0.0181297	0.0207943	0.0237729	0.0270894	0.0307681	0.0348324	0.0393050	0.0442073	0.0495590	0.0553775	0.0616774	0.0684700	0.0757630	0.0835596	0.0918580	0.100651	0.109927	0.119666	0.129844	0.140427	0.151379	0.162652	0.174196	0.185950	0.197851	0.209827	0.221802	0.233697	0.245427	0.256906	0.268045	0.278755	0.288949	0.298539	0.307441	0.315577	0.322873	0.329260	0.334679	0.339079	0.342417	0.344660	0.345787	0.345787	0.344660	0.342417	0.339079	0.334679	0.329260	0.322873	0.315577	0.307441	0.298539	0.288949	0.278755	0.268045	0.256906	0.245427	0.233697	0.221802	0.209827	0.197851	0.185950	0.174196	0.162652	0.151379	0.140427	0.129844	0.119666	0.109927	0.100651	0.0918580	0.0835596	0.0757630	0.0684700	0.0616774	0.0553775	0.0495590	0.0442073	0.0393050	0.0348324	0.0307681	0.0270894	0.0237729	0.0207943	0.0181297	0.0157550	0.0136467	0.0117820	0.0101390	0.00869661	0.00743512	0.00633589	
0.00687475	0.00806746	0.00943624	0.0110013	0.0127841	0.0148074	0.0170949	0.0196716	0.0225629	0.0257947	0.0293933	0.0333848	0.0377948	0.0426478	0.0479670	0.0537739	0.0600872	0.0669229	0.0742933	0.0822065	0.0906661	0.0996703	0.109212	0.119276	0.129844	0.140887	0.152370	0.164253	0.176485	0.189011	0.201765	0.214677	0.227672	0.240666	0.253573	0.266300	0.278755	0.290842	0.302463	0.313523	0.323929	0.333588	0.342417	0.350333	0.357263	0.363143	0.367917	0.371538	0.373972	0.375195	0.375195	0.373972	0.371538	0.367917	0.363143	0.357263	0.350333	0.342417	0.333588	0.323929	0.313523	0.302463	0.290842	0.278755	0.266300	0.253573	0.240666	0.227672	0.214677	0.201765	0.189011	0.176485	0.164253	0.152370	0.140887	0.129844	0.119276	0.109212	0.0996703	0.0906661	0.0822065	0.0742933	0.0669229	0.0600872	0.0537739	0.0479670	0.0426478	0.0377948	0.0333848	0.0293933	0.0257947	0.0225629	0.0196716	0.0170949	0.0148074	0.0127841	0.0110013	0.00943624	0.00806746	0.00687475	
0.00743512	0.00872505	0.0102054	0.0118980	0.0138261	0.0160143	0.0184884	0.0212751	0.0244020	0.0278973	0.0317892	0.0361061	0.0408755	0.0461240	0.0518769	0.0581571	0.0649850	0.0723779	0.0803490	0.0889073	0.0980564	0.107795	0.118114	0.128999	0.140427	0.152370	0.164790	0.177642	0.190871	0.204417	0.218211	0.232176	0.246230	0.260283	0.274242	0.288007	0.301477	0.314549	0.327117	0.339079	0.350333	0.360780	0.370327	0.378889	0.386384	0.392744	0.397906	0.401823	0.404455	0.405778	0.405778	0.404455	0.401823	0.397906	0.392744	0.386384	0.378889	0.370327	0.360780	0.350333	0.339079	0.327117	0.314549	0.301477	0.288007	0.274242	0.260283	0.246230	0.232176	0.218211	0.204417	0.190871	0.177642	0.164790	0.152370	0.140427	0.128999	0.118114	0.107795	0.0980564	0.0889073	0.0803490	0.0723779	0.0649850	0.0581571	0.0518769	0.0461240	0.0408755	0.0361061	0.0317892	0.0278973	0.0244020	0.0212751	0.0184884	0.0160143	0.0138261	0.0118980	0.0102054	0.00872505	0.00743512	
0.00801495	0.00940548	0.0110013	0.0128259	0.0149044	0.0172632	0.0199302	0.0229342	0.0263050	0.0300729	0.0342683	0.0389219	0.0440632	0.0497211	0.0559226	0.0626925	0.0700529	0.0780223	0.0866151	0.0958408	0.105703	0.116201	0.127325	0.139059	0.151379	0.164253	0.177642	0.191495	0.205756	0.220359	0.235228	0.250283	0.265432	0.280582	0.295629	0.310467	0.324988	0.339079	0.352628	0.365522	0.377653	0.388915	0.399208	0.408436	0.416517	0.423372	0.428937	0.433159	0.435997	0.437423	0.437423	0.435997	0.433159	0.428937	0.423372	0.416517	0.408436	0.399208	0.388915	0.377653	0.365522	0.352628	0.339079	0.324988	0.310467	0.295629	0.280582	0.265432	0.250283	0.235228	0.220359	0.205756	0.191495	0.177642	0.164253	0.151379	0.139059	0.127325	0.116201	0.105703	0.0958408	0.0866151	0.0780223	0.0700529	0.0626925	0.0559226	0.0497211	0.0440632	0.0389219	0.0342683	0.0300729	0.0263050	0.0229342	0.0199302	0.0172632	0.0149044	0.0128259	0.0110013	0.00940548	0.00801495	
0.00861184	0.0101059	0.0118206	0.0137811	0.0160143	0.0185488	0.0214144	0.0246422	0.0282640	0.0323124	0.0368204	0.0418204	0.0473447	0.0534239	0.0600872	0.0673613	0.0752699	0.0838328	0.0930655	0.102978	0.113575	0.124855	0.136807	0.149415	0.162652	0.176485	0.190871	0.205756	0.221079	0.236769	0.252746	0.268922	0.285200	0.301477	0.317645	0.333588	0.349191	0.364331	0.378889	0.392744	0.405778	0.417879	0.428937	0.438854	0.447535	0.454901	0.460881	0.465418	0.468467	0.469999	0.469999	0.468467	0.465418	0.460881	0.454901	0.447535	0.438854	0.428937	0.417879	0.405778	0.392744	0.378889	0.364331	0.349191	0.333588	0.317645	0.301477	0.285200	0.268922	0.252746	0.236769	0.221079	0.205756	0.190871	0.176485	0.162652	0.149415	0.136807	0.124855	0.113575	0.102978	0.0930655	0.0838328	0.0752699	0.0673613	0.0600872	0.0534239	0.0473447	0.0418204	0.0368204	0.0323124	0.0282640	0.0246422	0.0214144	0.0185488	0.0160143	0.0137811	0.0118206	0.0101059	0.00861184	
0.00922302	0.0108231	0.0126595	0.0147591	0.0171508	0.0198652	0.0229342	0.0263910	0.0302699	0.0346056	0.0394335	0.0447884	0.0507047	0.0572154	0.0643516	0.0721420	0.0806118	0.0897824	0.0996703	0.110287	0.121636	0.133716	0.146516	0.160018	0.174196	0.189011	0.204417	0.220359	0.236769	0.253573	0.270683	0.288007	0.305440	0.322873	0.340188	0.357263	0.373972	0.390187	0.405778	0.420616	0.434576	0.447535	0.459379	0.469999	0.479297	0.487186	0.493590	0.498448	0.501714	0.503355	0.503355	0.501714	0.498448	0.493590	0.487186	0.479297	0.469999	0.459379	0.447535	0.434576	0.420616	0.405778	0.390187	0.373972	0.357263	0.340188	0.322873	0.305440	0.288007	0.270683	0.253573	0.236769	0.220359	0.204417	0.189011	0.174196	0.160018	0.146516	0.133716	0.121636	0.110287	0.0996703	0.0897824	0.0806118	0.0721420	0.0643516	0.0572154	0.0507047	0.0447884	0.0394335	0.0346056	0.0302699	0.0263910	0.0229342	0.0198652	0.0171508	0.0147591	0.0126595	0.0108231	0.00922302	
0.00984538	0.0115535	0.0135137	0.0157550	0.0183082	0.0212057	0.0244818	0.0281719	0.0323124	0.0369408	0.0420944	0.0478107	0.0541262	0.0610762	0.0686940	0.0770100	0.0860514	0.0958408	0.106396	0.117729	0.129844	0.142739	0.156403	0.170816	0.185950	0.201765	0.218211	0.235228	0.252746	0.270683	0.288949	0.307441	0.326051	0.344660	0.363143	0.381371	0.399208	0.416517	0.433159	0.448999	0.463901	0.477735	0.490377	0.501714	0.511639	0.520060	0.526897	0.532083	0.535569	0.537320	0.537320	0.535569	0.532083	0.526897	0.520060	0.511639	0.501714	0.490377	0.477735	0.463901	0.448999	0.433159	0.416517	0.399208	0.381371	0.363143	0.344660	0.326051	0.307441	0.288949	0.270683	0.252746	0.235228	0.218211	0.201765	0.185950	0.170816	0.156403	0.142739	0.129844	0.117729	0.106396	0.0958408	0.0860514	0.0770100	0.0686940	0.0610762	0.0541262	0.0478107	0.0420944	0.0369408	0.0323124	0.0281719	0.0244818	0.0212057	0.0183082	0.0157550	0.0135137	0.0115535	0.00984538	
0.0104755	0.0122929	0.0143786	0.0167633	0.0194799	0.0225629	0.0260486	0.0299748	0.0343804	0.0393050	0.0447884	0.0508705	0.0575902	0.0649850	0.0730903	0.0819386	0.0915586	0.101975	0.113205	0.125263	0.138154	0.151874	0.166412	0.181748	0.197851	0.214677	0.232176	0.250283	0.268922	0.288007	0.307441	0.327117	0.346918	0.366718	0.386384	0.405778	0.424757	0.443173	0.460881	0.477735	0.493590	0.508309	0.521761	0.533823	0.544384	0.553343	0.560617	0.566136	0.569845	0.571708	0.571708	0.569845	0.566136	0.560617	0.553343	0.544384	0.533823	0.521761	0.508309	0.493590	0.477735	0.460881	0.443173	0.424757	0.405778	0.386384	0.366718	0.346918	0.327117	0.307441	0.288007	0.268922	0.250283	0.232176	0.214677	0.197851	0.181748	0.166412	0.151874	0.138154	0.125263	0.113205	0.101975	0.0915586	0.0819386	0.0730903	0.0649850	0.0575902	0.0508705	0.0447884	0.0393050	0.0343804	0.0299748	0.0260486	0.0225629	0.0194799	0.0167633	0.0143786	0.0122929	0.0104755	
0.0111096	0.0130370	0.0152489	0.0177780	0.0206590	0.0239286	0.0276253	0.0317892	0.0364615	0.0416841	0.0474995	0.0539498	0.0610762	0.0689186	0.0775145	0.0868984	0.0971007	0.108147	0.120058	0.132845	0.146516	0.161067	0.176485	0.192750	0.209827	0.227672	0.246230	0.265432	0.285200	0.305440	0.326051	0.346918	0.367917	0.388915	0.409772	0.430340	0.450467	0.469999	0.488779	0.506652	0.523467	0.539077	0.553343	0.566136	0.577336	0.586838	0.594552	0.600404	0.604338	0.606314	0.606314	0.604338	0.600404	0.594552	0.586838	0.577336	0.566136	0.553343	0.539077	0.523467	0.506652	0.488779	0.469999	0.450467	0.430340	0.409772	0.388915	0.367917	0.346918	0.326051	0.305440	0.285200	0.265432	0.246230	0.227672	0.209827	0.192750	0.176485	0.161067	0.146516	0.132845	0.120058	0.108147	0.0971007	0.0868984	0.0775145	0.0689186	0.0610762	0.0539498	0.0474995	0.0416841	0.0364615	0.0317892	0.0276253	0.0239286	0.0206590	0.0177780	0.0152489	0.0130370	0.0111096	
0.0117436	0.0137811	0.0161192	0.0187927	0.0218381	0.0252943	0.0292020	0.0336036	0.0385425	0.0440632	0.0502105	0.0570289	0.0645620	0.0728521	0.0819386	0.0918580	0.102643	0.114319	0.126910	0.140427	0.154878	0.170259	0.186558	0.203751	0.221802	0.240666	0.260283	0.280582	0.301477	0.322873	0.344660	0.366718	0.388915	0.411112	0.433159	0.454901	0.476177	0.496823	0.516675	0.535569	0.553343	0.569845	0.584925	0.598447	0.610286	0.620331	0.628485	0.634672	0.638830	0.640919	0.640919	0.638830	0.634672	0.628485	0.620331	0.610286	0.598447	0.584925	0.569845	0.553343	0.535569	0.516675	0.496823	0.476177	0.454901	0.433159	0.411112	0.388915	0.366718	0.344660	0.322873	0.301477	0.280582	0.260283	0.240666	0.221802	0.203751	0.186558	0.170259	0.154878	0.140427	0.126910	0.114319	0.102643	0.0918580	0.0819386	0.0728521	0.0645620	0.0570289	0.0502105	0.0440632	0.0385425	0.0336036	0.0292020	0.0252943	0.0218381	0.0187927	0.0161192	0.0137811	0.0117436	
0.0123734	0.0145201	0.0169837	0.0198005	0.0230092	0.0266508	0.0307681	0.0354057	0.0406094	0.0464262	0.0529032	0.0600872	0.0680244	0.0767590	0.0863328	0.0967842	0.108147	0.120450	0.133716	0.147958	0.163184	0.179390	0.196563	0.214677	0.233697	0.253573	0.274242	0.295629	0.317645	0.340188	0.363143	0.386384	0.409772	0.433159	0.456389	0.479297	0.501714	0.523467	0.544384	0.564290	0.583018	0.600404	0.616293	0.630541	0.643015	0.653598	0.662190	0.668708	0.673089	0.675290	0.675290	0.673089	0.668708	0.662190	0.653598	0.643015	0.630541	0.616293	0.600404	0.583018	0.564290	0.544384	0.523467	0.501714	0.479297	0.456389	0.433159	0.409772	0.386384	0.363143	0.340188	0.317645	0.295629	0.274242	0.253573	0.233697	0.214677	0.196563	0.179390	0.163184	0.147958	0.133716	0.120450	0.108147	0.0967842	0.0863328	0.0767590	0.0680244	0.0600872	0.0529032	0.0464262	0.0406094	0.0354057	0.0307681	0.0266508	0.0230092	0.0198005	0.0169837	0.0145201	0.0123734	
0.0129945	0.0152489	0.0178362	0.0207943	0.0241641	0.0279885	0.0323124	0.0371828	0.0426478	0.0487565	0.0555586	0.0631032	0.0714388	0.0806118	0.0906661	0.101642	0.113575	0.126496	0.140427	0.155385	0.171375	0.188394	0.206429	0.225453	0.245427	0.266300	0.288007	0.310467	0.333588	0.357263	0.381371	0.405778	0.430340	0.454901	0.479297	0.503355	0.526897	0.549742	0.571708	0.592614	0.612282	0.630541	0.647227	0.662190	0.675290	0.686405	0.695428	0.702273	0.706874	0.709185	0.709185	0.706874	0.702273	0.695428	0.686405	0.675290	0.662190	0.647227	0.630541	0.612282	0.592614	0.571708	0.549742	0.526897	0.503355	0.479297	0.454901	0.430340	0.405778	0.381371	0.357263	0.333588	0.310467	0.288007	0.266300	0.245427	0.225453	0.206429	0.188394	0.171375	0.155385	0.140427	0.126496	0.113575	0.101642	0.0906661	0.0806118	0.0714388	0.0631032	0.0555586	0.0487565	0.0426478	0.0371828	0.0323124	0.0279885	0.0241641	0.0207943	0.0178362	0.0152489	0.0129945	
0.0136022	0.0159621	0.0186704	0.0217669	0.0252943	0.0292975	0.0338237	0.0389219	0.0446424	0.0510369	0.0581571	0.0660546	0.0747800	0.0843820	0.0949066	0.106396	0.118887	0.132412	0.146995	0.162652	0.179390	0.197206	0.216084	0.235997	0.256906	0.278755	0.301477	0.324988	0.349191	0.373972	0.399208	0.424757	0.450467	0.476177	0.501714	0.526897	0.551540	0.575454	0.598447	0.620331	0.640919	0.660031	0.677498	0.693161	0.706874	0.718508	0.727953	0.735118	0.739934	0.742354	0.742354	0.739934	0.735118	0.727953	0.718508	0.706874	0.693161	0.677498	0.660031	0.640919	0.620331	0.598447	0.575454	0.551540	0.526897	0.501714	0.476177	0.450467	0.424757	0.399208	0.373972	0.349191	0.324988	0.301477	0.278755	0.256906	0.235997	0.216084	0.197206	0.179390	0.162652	0.146995	0.132412	0.118887	0.106396	0.0949066	0.0843820	0.0747800	0.0660546	0.0581571	0.0510369	0.0446424	0.0389219	0.0338237	0.0292975	0.0252943	0.0217669	0.0186704	0.0159621	0.0136022	
0.0141920	0.0166542	0.0194799	0.0227107	0.0263910	0.0305678	0.0352903	0.0406094	0.0465781	0.0532498	0.0606787	0.0689186	0.0780223	0.0880407	0.0990216	0.111009	0.124042	0.138154	0.153369	0.169705	0.187168	0.205756	0.225453	0.246230	0.268045	0.290842	0.314549	0.339079	0.364331	0.390187	0.416517	0.443173	0.469999	0.496823	0.523467	0.549742	0.575454	0.600404	0.624395	0.647227	0.668708	0.688649	0.706874	0.723215	0.737522	0.749661	0.759516	0.766992	0.772017	0.774541	0.774541	0.772017	0.766992	0.759516	0.749661	0.737522	0.723215	0.706874	0.688649	0.668708	0.647227	0.624395	0.600404	0.575454	0.549742	0.523467	0.496823	0.469999	0.443173	0.416517	0.390187	0.364331	0.339079	0.314549	0.290842	0.268045	0.246230	0.225453	0.205756	0.187168	0.169705	0.153369	0.138154	0.124042	0.111009	0.0990216	0.0880407	0.0780223	0.0689186	0.0606787	0.0532498	0.0465781	0.0406094	0.0352903	0.0305678	0.0263910	0.0227107	0.0194799	0.0166542	0.0141920	
